32 0 0.159812 1 16.0000 0.0000 0.0000
61 1 0.161021 1 30.5000 0.0000 0.0000
88 0 0.159552 1 44.0000 0.0000 0.0000
151 1 0.164718 1 75.5000 0.0000 0.0000
164 0 0.161430 1 82.0000 0.0000 0.0000
171 1 0.162859 1 85.5000 0.0000 0.0000
188 0 0.160114 1 94.0000 0.0000 0.0000
205 1 0.164007 1 102.5000 0.0000 0.0000
216 0 0.161855 1 108.0000 0.0000 0.0000
253 1 0.164051 1 126.5000 0.0000 0.0000
276 0 0.160376 1 138.0000 0.0000 0.0000
305 1 0.161849 1 152.5000 0.0000 0.0000
328 0 0.160395 1 164.0000 0.0000 0.0000
339 1 0.161943 1 169.5000 0.0000 0.0000
360 0 0.160602 1 180.0000 0.0000 0.0000
401 1 0.166054 1 200.5000 0.0000 0.0000
450 0 0.154401 1 225.0000 0.0000 0.0000
475 1 0.158464 1 237.5000 0.0000 0.0000
482 0 0.156833 1 241.0000 0.0000 0.0000
509 1 0.159391 1 254.5000 0.0000 0.0000
520 0 0.155602 1 260.0000 0.0000 0.0000
533 1 0.157869 1 266.5000 0.0000 0.0000
544 0 0.153020 1 272.0000 0.0000 0.0000
551 1 0.154184 1 275.5000 0.0000 0.0000
558 0 0.153051 1 279.0000 0.0000 0.0000
577 1 0.159591 1 288.5000 0.0000 0.0000
596 0 0.153340 1 298.0000 0.0000 0.0000
603 1 0.154571 1 301.5000 0.0000 0.0000
610 0 0.152633 1 305.0000 0.0000 0.0000
625 1 0.159644 1 312.5000 0.0000 0.0000
644 0 0.152773 1 322.0000 0.0000 0.0000
661 1 0.159784 1 330.5000 0.0000 0.0000
678 0 0.156791 1 339.0000 0.0000 0.0000
689 1 0.159169 1 344.5000 0.0000 0.0000
710 0 0.155288 1 355.0000 0.0000 0.0000
725 1 0.160073 1 362.5000 0.0000 0.0000
748 0 0.156387 1 374.0000 0.0000 0.0000
775 1 0.162918 1 387.5000 0.0000 0.0000
796 0 0.155933 1 398.0000 0.0000 0.0000
809 1 0.159134 1 404.5000 0.0000 0.0000
846 0 0.154624 1 423.0000 0.0000 0.0000
865 1 0.156109 1 432.5000 0.0000 0.0000
878 0 0.154453 1 439.0000 0.0000 0.0000
891 1 0.157103 1 445.5000 0.0000 0.0000
906 0 0.151414 1 453.0000 0.0000 0.0000
921 1 0.155246 1 460.5000 0.0000 0.0000
936 0 0.151124 1 468.0000 0.0000 0.0000
953 1 0.156006 1 476.5000 0.0000 0.0000
992 0 0.150903 1 496.0000 0.0000 0.0000
1003 1 0.154570 1 501.5000 0.0000 0.0000
1018 0 0.151520 1 509.0000 0.0000 0.0000
1057 1 0.162335 1 528.5000 0.0000 0.0000
1066 0 0.160983 1 533.0000 0.0000 0.0000
1083 1 0.164676 1 541.5000 0.0000 0.0000
1154 0 0.148986 1 577.0000 0.0000 0.0000
1165 1 0.151626 1 582.5000 0.0000 0.0000
1207 1 0.162430 1 0.0000 0.5000 0.0000
1208 2 0.162430 0 0.5000 0.5000 0.0000
1239 1 0.159812 0 16.0000 0.5000 0.0000
1358 2 0.164740 0 75.5000 0.5000 0.0000
1439 1 0.162718 0 116.0000 0.5000 0.0000
1460 2 0.164051 0 126.5000 0.5000 0.0000
1689 1 0.156833 0 241.0000 0.5000 0.0000
1784 2 0.159591 0 288.5000 0.5000 0.0000
1832 2 0.159644 0 312.5000 0.5000 0.0000
1930 2 0.160073 0 361.5000 0.5000 0.0000
2023 1 0.157542 0 408.0000 0.5000 0.0000
3707 1 0.159844 0 43.0000 1.5000 0.0000
4444 2 0.158620 0 411.5000 1.5000 0.0000
7728 0 0.155612 0 243.0000 3.0000 0.0000
8656 2 0.164464 0 103.5000 3.5000 0.0000
11175 1 0.160690 0 156.0000 4.5000 0.0000
12703 1 0.155774 0 316.5000 5.0000 0.0000
13819 1 0.155674 0 271.0000 5.5000 0.0000
14739 1 0.161406 0 127.5000 6.0000 0.0000
15690 0 0.147770 1 603.0000 6.0000 0.0000
17499 1 0.154940 0 300.5000 7.0000 0.0000
17611 1 0.158900 0 356.5000 7.0000 0.0000
17639 1 0.157613 0 370.5000 7.0000 0.0000
19127 1 0.157396 0 511.0000 7.5000 0.0000
20580 2 0.161242 0 30.5000 8.5000 0.0000
21217 1 0.159332 0 349.0000 8.5000 0.0000
21726 0 0.158075 1 0.0000 9.0000 0.0000
26279 1 0.160672 0 466.0000 10.5000 0.0000
28438 2 0.160979 0 338.5000 11.5000 0.0000
29280 0 0.158656 0 156.0000 12.0000 0.0000
29690 0 0.154617 0 361.0000 12.0000 0.0000
30430 2 0.162481 0 127.5000 12.5000 0.0000
30451 1 0.160506 0 138.0000 12.5000 0.0000
31248 2 0.165808 0 536.5000 12.5000 0.0000
31931 1 0.154532 0 274.5000 13.0000 0.0000
31996 0 0.151981 0 307.0000 13.0000 0.0000
34332 0 0.152383 0 268.0000 14.0000 0.0000
36813 1 0.155252 0 301.5000 15.0000 0.0000
37132 0 0.158750 0 461.0000 15.0000 0.0000
37222 0 0.154767 0 506.0000 15.0000 0.0000
37832 2 0.166689 0 207.5000 15.5000 0.0000
37945 1 0.153968 0 264.0000 15.5000 0.0000
38087 1 0.158599 0 335.0000 15.5000 0.0000
38773 1 0.160613 0 74.5000 16.0000 0.0000
39745 1 0.159982 0 560.5000 16.0000 0.0000
43972 0 0.152693 0 260.0000 18.0000 0.0000
44495 1 0.158954 0 521.5000 18.0000 0.0000
45842 2 0.172170 0 591.5000 18.5000 0.0000
45851 1 0.170946 0 596.0000 18.5000 0.0000
46103 1 0.160018 0 118.5000 19.0000 0.0000
46247 1 0.163986 0 190.5000 19.0000 0.0000
47077 1 0.159214 0 2.0000 19.5000 0.0000
48278 2 0.176137 0 602.5000 19.5000 0.0000
48279 1 0.176137 1 603.0000 19.5000 0.0000
48534 0 0.158264 0 127.0000 20.0000 0.0000
48868 0 0.152596 0 294.0000 20.0000 0.0000
48954 0 0.156738 0 337.0000 20.0000 0.0000
52525 1 0.156842 0 312.0000 21.5000 0.0000
53132 0 0.157608 0 12.0000 22.0000 0.0000
54445 1 0.159024 0 65.0000 22.5000 0.0000
55738 0 0.158184 0 108.0000 23.0000 0.0000
55997 1 0.162210 0 237.5000 23.0000 0.0000
56596 0 0.154924 0 537.0000 23.0000 0.0000
56777 1 0.158576 0 24.0000 23.5000 0.0000
56909 1 0.160972 0 90.0000 23.5000 0.0000
57340 2 0.159139 0 305.5000 23.5000 0.0000
57592 2 0.189797 0 431.5000 23.5000 0.0000
57967 1 0.158857 0 15.5000 24.0000 0.0000
58355 1 0.164286 0 209.5000 24.0000 0.0000
58564 0 0.155598 0 314.0000 24.0000 0.0000
59500 2 0.166959 0 178.5000 24.5000 0.0000
60834 0 0.160460 0 242.0000 25.0000 0.0000
62512 2 0.188042 0 477.5000 25.5000 0.0000
62898 0 0.157620 0 67.0000 26.0000 0.0000
63894 0 0.157629 0 565.0000 26.0000 0.0000
63922 0 0.156231 0 579.0000 26.0000 0.0000
63971 1 0.161194 1 0.0000 26.5000 0.0000
63972 2 0.161221 0 0.5000 26.5000 0.0000
64032 2 0.159642 0 30.5000 26.5000 0.0000
64573 1 0.156727 0 301.0000 26.5000 0.0000
64917 1 0.186010 0 473.0000 26.5000 0.0000
67267 1 0.183187 0 441.0000 27.5000 0.0000
67445 1 0.157742 0 530.0000 27.5000 0.0000
68699 1 0.159044 0 553.5000 28.0000 0.0000
68731 1 0.159855 0 569.5000 28.0000 0.0000
69153 1 0.164709 0 177.0000 28.5000 0.0000
69366 2 0.158112 0 283.5000 28.5000 0.0000
69710 2 0.187986 0 455.5000 28.5000 0.0000
73185 1 0.170224 0 382.5000 30.0000 0.0000
74255 1 0.156848 0 314.0000 30.5000 0.0000
74933 1 0.157276 0 49.5000 31.0000 0.0000
75440 0 0.154926 0 303.0000 31.0000 0.0000
75892 0 0.156445 0 529.0000 31.0000 0.0000
75995 1 0.157344 0 580.5000 31.0000 0.0000
76603 1 0.157006 0 281.0000 31.5000 0.0000
78622 2 0.163984 0 83.5000 32.5000 0.0000
79770 0 0.155051 0 54.0000 33.0000 0.0000
81210 2 0.168120 0 170.5000 33.5000 0.0000
81223 1 0.166069 0 177.0000 33.5000 0.0000
81404 2 0.160571 0 267.5000 33.5000 0.0000
82482 0 0.161789 0 203.0000 34.0000 0.0000
83760 2 0.165667 0 238.5000 34.5000 0.0000
83807 1 0.156926 0 262.0000 34.5000 0.0000
85317 1 0.170195 0 413.5000 35.0000 0.0000
86948 0 0.151489 0 22.0000 36.0000 0.0000
87680 0 0.167393 0 388.0000 36.0000 0.0000
87917 1 0.164645 0 506.5000 36.0000 0.0000
88655 1 0.157985 0 272.0000 36.5000 0.0000
89495 1 0.161766 0 88.5000 37.0000 0.0000
90310 0 0.163506 0 496.0000 37.0000 0.0000
91104 2 0.159356 0 289.5000 37.5000 0.0000
91282 2 0.172077 0 378.5000 37.5000 0.0000
92631 1 0.168709 0 449.5000 38.0000 0.0000
93218 2 0.170607 0 139.5000 38.5000 0.0000
93411 1 0.163949 0 236.0000 38.5000 0.0000
94146 0 0.153272 1 0.0000 39.0000 0.0000
94151 1 0.153836 0 2.5000 39.0000 0.0000
95352 0 0.152968 1 603.0000 39.0000 0.0000
95923 1 0.157239 0 285.0000 39.5000 0.0000
96095 1 0.170343 0 371.0000 39.5000 0.0000
97079 1 0.156569 0 259.5000 40.0000 0.0000
97325 1 0.170462 0 382.5000 40.0000 0.0000
98130 2 0.168207 0 181.5000 40.5000 0.0000
100161 1 0.154281 0 593.5000 41.0000 0.0000
100369 1 0.162079 0 94.0000 41.5000 0.0000
100583 1 0.164664 0 201.0000 41.5000 0.0000
102756 2 0.163988 0 80.5000 42.5000 0.0000
104332 0 0.154378 0 265.0000 43.0000 0.0000
104556 0 0.167079 0 377.0000 43.0000 0.0000
105161 1 0.162653 0 76.0000 43.5000 0.0000
106720 0 0.154896 0 252.0000 44.0000 0.0000
107740 2 0.173069 0 158.5000 44.5000 0.0000
108895 1 0.169295 0 132.5000 45.0000 0.0000
109506 0 0.165114 0 438.0000 45.0000 0.0000
110290 2 0.170615 0 226.5000 45.5000 0.0000
112597 1 0.166782 0 173.0000 46.5000 0.0000
113636 0 0.160988 0 89.0000 47.0000 0.0000
113858 0 0.162373 0 200.0000 47.0000 0.0000
117060 0 0.152977 0 594.0000 48.0000 0.0000
117210 2 0.165618 0 65.5000 48.5000 0.0000
120080 2 0.161901 0 293.5000 49.5000 0.0000
121065 1 0.166764 0 182.5000 50.0000 0.0000
123266 0 0.160793 0 76.0000 51.0000 0.0000
123279 1 0.162420 0 82.5000 51.0000 0.0000
123470 0 0.165419 0 178.0000 51.0000 0.0000
124617 1 0.169214 0 148.0000 51.5000 0.0000
126847 1 0.163022 0 56.0000 52.5000 0.0000
129489 1 0.168422 0 170.0000 53.5000 0.0000
130497 1 0.162877 0 70.5000 54.0000 0.0000
132894 0 0.161621 0 62.0000 55.0000 0.0000
134082 2 0.164925 0 52.5000 55.5000 0.0000
134324 2 0.169928 0 173.5000 55.5000 0.0000
135027 1 0.175038 0 525.0000 55.5000 0.0000
136283 1 0.169959 0 549.5000 56.0000 0.0000
139194 2 0.168512 0 194.5000 57.5000 0.0000
141104 0 0.168132 0 546.0000 58.0000 0.0000
142783 1 0.167443 0 178.5000 59.0000 0.0000
144943 1 0.163521 0 51.5000 60.0000 0.0000
146761 1 0.181212 0 357.0000 60.5000 0.0000
149982 0 0.166333 0 157.0000 62.0000 0.0000
150115 1 0.168484 0 223.5000 62.0000 0.0000
151600 2 0.182876 0 362.5000 62.5000 0.0000
152467 1 0.166740 0 192.5000 63.0000 0.0000
152661 1 0.160600 0 289.5000 63.0000 0.0000
156133 1 0.167287 0 215.0000 64.5000 0.0000
156455 1 0.181434 0 376.0000 64.5000 0.0000
158167 1 0.164150 0 25.0000 65.5000 0.0000
158484 2 0.169524 0 183.5000 65.5000 0.0000
158522 2 0.169215 0 202.5000 65.5000 0.0000
162790 0 0.172069 0 526.0000 67.0000 0.0000
162966 2 0.165627 0 10.5000 67.5000 0.0000
163327 1 0.167320 0 191.0000 67.5000 0.0000
165822 2 0.171347 0 231.5000 68.5000 0.0000
166428 2 0.177226 0 534.5000 68.5000 0.0000
166925 1 0.167910 0 179.5000 69.0000 0.0000
167155 1 0.161649 0 294.5000 69.0000 0.0000
169576 0 0.160304 0 298.0000 70.0000 0.0000
173657 1 0.174727 0 528.0000 71.5000 0.0000
174531 1 0.179934 0 361.5000 72.0000 0.0000
175706 2 0.182745 0 345.5000 72.5000 0.0000
176962 0 0.178768 0 370.0000 73.0000 0.0000
179350 0 0.178763 0 357.0000 74.0000 0.0000
180410 2 0.164495 0 283.5000 74.5000 0.0000
180449 1 0.162496 0 303.0000 74.5000 0.0000
181513 1 0.169111 0 231.5000 75.0000 0.0000
182257 1 0.165139 1 0.0000 75.5000 0.0000
182345 1 0.171014 0 44.0000 75.5000 0.0000
184161 1 0.181633 0 348.5000 76.0000 0.0000
185841 1 0.163774 0 585.0000 76.5000 0.0000
186290 0 0.164148 0 206.0000 77.0000 0.0000
189544 2 0.167800 0 22.5000 78.5000 0.0000
190733 1 0.164321 0 13.5000 79.0000 0.0000
191275 1 0.163095 0 284.5000 79.0000 0.0000
191967 1 0.166240 0 27.0000 79.5000 0.0000
193208 0 0.169883 0 44.0000 80.0000 0.0000
196758 2 0.166858 0 8.5000 81.5000 0.0000
197257 1 0.166696 0 258.0000 81.5000 0.0000
197948 0 0.162640 1 0.0000 82.0000 0.0000
199070 0 0.163274 0 561.0000 82.0000 0.0000
199230 2 0.172462 0 37.5000 82.5000 0.0000
200360 2 0.167201 0 602.5000 82.5000 0.0000
200361 1 0.167201 1 603.0000 82.5000 0.0000
201653 1 0.171341 0 42.0000 83.5000 0.0000
203384 0 0.160943 0 304.0000 84.0000 0.0000
205195 1 0.164640 0 2.5000 85.0000 0.0000
207274 2 0.219998 0 438.5000 85.5000 0.0000
207529 1 0.164342 0 566.0000 85.5000 0.0000
207630 0 0.163118 0 13.0000 86.0000 0.0000
208120 0 0.165465 0 258.0000 86.0000 0.0000
218457 1 0.164972 0 598.5000 90.0000 0.0000
219325 1 0.208693 0 429.0000 90.5000 0.0000
219758 0 0.165596 0 42.0000 91.0000 0.0000
220799 1 0.164354 0 562.5000 91.0000 0.0000
223196 0 0.161992 0 554.0000 92.0000 0.0000
223242 0 0.161358 0 577.0000 92.0000 0.0000
223294 0 0.164268 1 603.0000 92.0000 0.0000
223492 2 0.199497 0 98.5000 92.5000 0.0000
229407 1 0.166899 0 38.5000 95.0000 0.0000
231947 1 0.198052 0 101.5000 96.0000 0.0000
234045 1 0.167126 0 547.0000 96.5000 0.0000
239850 0 0.207180 0 432.0000 99.0000 0.0000
240641 1 0.168495 0 224.0000 99.5000 0.0000
246287 1 0.167507 0 29.5000 102.0000 0.0000
249529 1 0.212083 0 443.5000 103.0000 0.0000
251506 0 0.167222 0 225.0000 104.0000 0.0000
252144 0 0.164947 0 544.0000 104.0000 0.0000
254418 0 0.191456 0 474.0000 105.0000 0.0000
260780 0 0.165227 0 34.0000 108.0000 0.0000
262415 1 0.188268 0 248.0000 108.5000 0.0000
268913 1 0.192549 0 479.5000 111.0000 0.0000
270860 0 0.187007 0 246.0000 112.0000 0.0000
276403 1 0.217263 1 0.0000 114.5000 0.0000
277165 1 0.249764 0 381.0000 114.5000 0.0000
279572 2 0.254175 0 377.5000 115.5000 0.0000
279590 2 0.262176 0 386.5000 115.5000 0.0000
279595 1 0.259127 0 389.0000 115.5000 0.0000
283202 0 0.245191 0 382.0000 117.0000 0.0000
284369 1 0.232426 0 362.0000 117.5000 0.0000
285607 1 0.247659 0 377.5000 118.0000 0.0000
287996 0 0.229362 0 365.0000 119.0000 0.0000
289680 0 0.207249 1 0.0000 120.0000 0.0000
294097 1 0.270559 0 398.0000 121.5000 0.0000
298138 2 0.246233 0 4.5000 123.5000 0.0000
298837 1 0.237205 0 354.0000 123.5000 0.0000
298958 2 0.293795 0 414.5000 123.5000 0.0000
300140 0 0.268691 0 402.0000 124.0000 0.0000
301325 1 0.286481 0 391.0000 124.5000 0.0000
301375 1 0.291078 0 416.0000 124.5000 0.0000
302462 0 0.235677 0 356.0000 125.0000 0.0000
306589 1 0.240175 0 5.5000 127.0000 0.0000
307360 0 0.284973 0 391.0000 127.0000 0.0000
315616 2 0.447173 0 294.5000 130.5000 0.0000
319235 1 0.442154 0 293.5000 132.0000 0.0000
319896 2 0.261070 0 20.5000 132.5000 0.0000
322305 1 0.258295 0 18.0000 133.5000 0.0000
324710 2 0.264687 0 13.5000 134.5000 0.0000
327906 2 0.320410 0 404.5000 135.5000 0.0000
332076 2 0.245804 0 75.5000 137.5000 0.0000
332087 1 0.240967 0 81.0000 137.5000 0.0000
335167 1 0.315203 0 414.0000 138.5000 0.0000
335190 2 0.357424 0 425.5000 138.5000 0.0000
337615 1 0.330375 0 431.0000 139.5000 0.0000
337979 1 0.232910 0 9.5000 140.0000 0.0000
338769 1 0.311931 0 404.5000 140.0000 0.0000
339728 2 0.532111 0 280.5000 140.5000 0.0000
340538 0 0.230385 0 82.0000 141.0000 0.0000
342193 1 0.391692 0 306.0000 141.5000 0.0000
342198 2 0.393730 0 308.5000 141.5000 0.0000
342450 2 0.339282 0 434.5000 141.5000 0.0000
342943 1 0.231902 0 77.5000 142.0000 0.0000
343614 0 0.308464 0 413.0000 142.0000 0.0000
343995 1 0.234394 1 0.0000 142.5000 0.0000
343996 2 0.234394 0 0.5000 142.5000 0.0000
345219 1 0.232500 0 8.5000 143.0000 0.0000
345761 1 0.526857 0 279.5000 143.0000 0.0000
348469 1 0.333733 0 426.5000 144.0000 0.0000
349467 1 0.380750 0 322.0000 144.5000 0.0000
349699 1 0.336247 0 438.0000 144.5000 0.0000
353310 0 0.318795 0 433.0000 146.0000 0.0000
354047 1 0.425554 0 198.0000 146.5000 0.0000
354093 1 0.446089 0 221.0000 146.5000 0.0000
355494 0 0.364401 0 318.0000 147.0000 0.0000
356514 2 0.466686 0 224.5000 147.5000 0.0000
357712 0 0.444093 0 220.0000 148.0000 0.0000
359686 0 0.223768 1 0.0000 149.0000 0.0000
360133 1 0.461616 0 223.5000 149.0000 0.0000
361782 2 0.351922 0 444.5000 149.5000 0.0000
362490 0 0.419131 0 195.0000 150.0000 0.0000
363678 2 0.441021 0 185.5000 150.5000 0.0000
363862 2 0.573495 0 277.5000 150.5000 0.0000
367815 1 0.347327 0 443.5000 152.0000 0.0000
370905 1 0.435132 0 178.0000 153.5000 0.0000
370929 1 0.421111 0 190.0000 153.5000 0.0000
373035 1 0.237367 0 36.0000 154.5000 0.0000
373064 2 0.239469 0 50.5000 154.5000 0.0000
373216 2 0.382110 0 126.5000 154.5000 0.0000
373233 1 0.356565 0 135.0000 154.5000 0.0000
373509 1 0.553205 0 273.0000 154.5000 0.0000
375402 2 0.238268 0 12.5000 155.5000 0.0000
375415 1 0.235798 0 19.0000 155.5000 0.0000
375796 2 0.775934 0 209.5000 155.5000 0.0000
378134 2 0.447175 0 171.5000 156.5000 0.0000
379485 1 0.470892 0 243.5000 157.0000 0.0000
381657 1 0.331940 0 122.5000 158.0000 0.0000
382862 2 0.333374 0 121.5000 158.5000 0.0000
386732 0 0.464175 0 246.0000 160.0000 0.0000
387447 1 0.227472 1 0.0000 160.5000 0.0000
387877 1 0.624978 0 215.0000 160.5000 0.0000
392960 2 0.643329 0 342.5000 162.5000 0.0000
397662 2 0.445793 0 279.5000 164.5000 0.0000
397717 1 0.415377 0 307.0000 164.5000 0.0000
399958 2 0.754246 0 220.5000 165.5000 0.0000
401277 1 0.443033 0 276.5000 166.0000 0.0000
404428 2 0.257072 0 41.5000 167.5000 0.0000
407286 2 0.589800 0 263.5000 168.5000 0.0000
408407 1 0.734877 0 220.5000 169.0000 0.0000
409357 1 0.287949 0 92.0000 169.5000 0.0000
409383 1 0.301295 0 105.0000 169.5000 0.0000
409635 1 0.635326 0 231.0000 169.5000 0.0000
409642 2 0.638942 0 234.5000 169.5000 0.0000
409699 1 0.588559 0 263.0000 169.5000 0.0000
411689 1 0.251105 0 51.0000 170.5000 0.0000
411762 2 0.292158 0 87.5000 170.5000 0.0000
411792 2 0.302621 0 102.5000 170.5000 0.0000
414475 1 0.633043 0 237.0000 171.5000 0.0000
416856 2 0.753494 0 220.5000 172.5000 0.0000
416911 1 0.672612 0 248.0000 172.5000 0.0000
419320 2 0.685021 0 245.5000 173.5000 0.0000
419332 2 0.707558 0 251.5000 173.5000 0.0000
423123 1 0.556703 0 336.5000 175.0000 0.0000
423815 1 0.277243 0 79.0000 175.5000 0.0000
424023 1 0.418827 0 183.0000 175.5000 0.0000
424863 1 0.345891 1 603.0000 175.5000 0.0000
428628 2 0.291136 0 71.5000 177.5000 0.0000
435041 1 0.596320 0 260.5000 180.0000 0.0000
436400 2 0.582154 0 336.5000 180.5000 0.0000
437437 1 0.580094 0 251.5000 181.0000 0.0000
441058 2 0.584046 0 251.5000 182.5000 0.0000
441908 0 0.244293 0 73.0000 183.0000 0.0000
446995 1 0.453396 0 202.5000 185.0000 0.0000
447957 1 0.250849 0 80.0000 185.5000 0.0000
448481 1 0.568144 0 342.0000 185.5000 0.0000
449076 0 0.222855 0 36.0000 186.0000 0.0000
449133 1 0.261484 0 64.5000 186.0000 0.0000
452770 2 0.252434 0 72.5000 187.5000 0.0000
453732 2 0.382601 0 553.5000 187.5000 0.0000
454327 1 0.556826 0 247.5000 188.0000 0.0000
457578 2 0.263147 0 62.5000 189.5000 0.0000
457589 1 0.248904 0 68.0000 189.5000 0.0000
457856 2 0.458850 0 201.5000 189.5000 0.0000
458148 2 0.585267 0 347.5000 189.5000 0.0000
462638 2 0.453315 0 178.5000 191.5000 0.0000
462985 1 0.557376 0 352.0000 191.5000 0.0000
464769 1 0.225762 0 37.0000 192.5000 0.0000
464815 1 0.260820 0 60.0000 192.5000 0.0000
465186 2 0.576697 0 245.5000 192.5000 0.0000
467828 2 0.618830 0 359.5000 193.5000 0.0000
468647 1 0.323109 0 165.5000 194.0000 0.0000
468652 0 0.320666 0 168.0000 194.0000 0.0000
468954 0 0.393057 0 319.0000 194.0000 0.0000
469640 2 0.261901 0 58.5000 194.5000 0.0000
472019 1 0.225825 0 41.0000 195.5000 0.0000
472488 2 0.649245 0 275.5000 195.5000 0.0000
472503 1 0.616723 0 283.0000 195.5000 0.0000
472597 1 0.408682 0 330.0000 195.5000 0.0000
473501 1 0.446487 0 178.5000 196.0000 0.0000
475004 2 0.412519 0 326.5000 196.5000 0.0000
479249 1 0.237246 0 35.0000 198.5000 0.0000
479754 2 0.636723 0 287.5000 198.5000 0.0000
481654 2 0.241268 0 30.5000 199.5000 0.0000
482233 1 0.403526 0 320.0000 199.5000 0.0000
482898 0 0.221166 0 49.0000 200.0000 0.0000
483875 1 0.380745 0 537.5000 200.0000 0.0000
485761 1 0.605462 0 273.5000 201.0000 0.0000
485793 1 0.632004 0 289.5000 201.0000 0.0000
485945 1 0.565209 0 365.5000 201.0000 0.0000
488000 0 0.336861 0 186.0000 202.0000 0.0000
488021 1 0.419239 0 196.5000 202.0000 0.0000
491340 2 0.246074 0 45.5000 203.5000 0.0000
492511 1 0.231453 0 27.5000 204.0000 0.0000
493763 1 0.238442 0 50.0000 204.5000 0.0000
494996 0 0.224349 0 63.0000 205.0000 0.0000
495272 0 0.383627 0 201.0000 205.0000 0.0000
495512 0 0.384248 0 321.0000 205.0000 0.0000
496820 2 0.596756 0 371.5000 205.5000 0.0000
496821 1 0.595108 0 372.0000 205.5000 0.0000
496822 2 0.596704 0 372.5000 205.5000 0.0000
497350 0 0.210213 0 33.0000 206.0000 0.0000
498848 2 0.490151 0 178.5000 206.5000 0.0000
498884 2 0.435752 0 196.5000 206.5000 0.0000
499239 1 0.594674 0 374.0000 206.5000 0.0000
499698 0 0.204233 1 0.0000 207.0000 0.0000
501450 2 0.610844 0 272.5000 207.5000 0.0000
501656 2 0.598929 0 375.5000 207.5000 0.0000
501663 1 0.595984 0 379.0000 207.5000 0.0000
501802 2 0.498131 0 448.5000 207.5000 0.0000
503721 1 0.385911 0 201.0000 208.5000 0.0000
505069 1 0.608703 0 271.5000 209.0000 0.0000
505776 2 0.242223 0 21.5000 209.5000 0.0000
508205 1 0.213531 0 29.0000 210.5000 0.0000
508688 2 0.610287 0 270.5000 210.5000 0.0000
508734 2 0.671063 0 293.5000 210.5000 0.0000
509037 1 0.496260 0 445.0000 210.5000 0.0000
509895 1 0.608899 0 270.5000 211.0000 0.0000
511102 2 0.610238 0 270.5000 211.5000 0.0000
512137 1 0.474896 0 184.5000 212.0000 0.0000
512985 1 0.222870 0 5.0000 212.5000 0.0000
515389 1 0.246052 1 0.0000 213.5000 0.0000
515390 2 0.246052 0 0.5000 213.5000 0.0000
516176 2 0.766145 0 393.5000 213.5000 0.0000
518187 1 0.418943 0 192.0000 214.5000 0.0000
520343 1 0.230586 0 63.0000 215.5000 0.0000
523601 1 0.428117 0 485.0000 216.5000 0.0000
524435 1 0.614789 0 298.5000 217.0000 0.0000
525880 2 0.555092 0 417.5000 217.5000 0.0000
527037 1 0.751850 0 392.5000 218.0000 0.0000
535302 2 0.644793 0 300.5000 221.5000 0.0000
538322 0 0.208399 1 0.0000 223.0000 0.0000
539904 2 0.563098 0 187.5000 223.5000 0.0000
540137 1 0.604998 0 304.0000 223.5000 0.0000
540518 2 0.436024 0 494.5000 223.5000 0.0000
541972 2 0.213883 0 14.5000 224.5000 0.0000
541991 1 0.211737 0 24.0000 224.5000 0.0000
542556 2 0.608740 0 306.5000 224.5000 0.0000
542722 2 0.771844 0 389.5000 224.5000 0.0000
544365 1 0.209988 0 4.0000 225.5000 0.0000
545185 1 0.551710 0 414.0000 225.5000 0.0000
548430 0 0.315496 0 226.0000 227.0000 0.0000
548455 1 0.353061 0 238.5000 227.0000 0.0000
548567 1 0.505963 0 294.5000 227.0000 0.0000
549185 1 0.212068 1 0.0000 227.5000 0.0000
549186 2 0.212068 0 0.5000 227.5000 0.0000
550943 1 0.578998 0 275.5000 228.0000 0.0000
551167 1 0.751638 0 387.5000 228.0000 0.0000
554639 1 0.563922 0 313.0000 229.5000 0.0000
555792 0 0.426101 0 286.0000 230.0000 0.0000
559428 2 0.551412 0 293.5000 231.5000 0.0000
561643 1 0.512927 0 194.0000 232.5000 0.0000
562483 1 0.211544 0 10.5000 233.0000 0.0000
564876 0 0.208404 1 0.0000 234.0000 0.0000
564928 0 0.208531 0 26.0000 234.0000 0.0000
565476 0 0.395998 0 300.0000 234.0000 0.0000
566726 2 0.589263 0 321.5000 234.5000 0.0000
567772 0 0.337592 0 241.0000 235.0000 0.0000
571316 2 0.632334 0 202.5000 236.5000 0.0000
571678 2 0.758565 0 383.5000 236.5000 0.0000
571735 1 0.622560 0 412.0000 236.5000 0.0000
575297 1 0.756647 0 382.5000 238.0000 0.0000
575781 1 0.209916 0 21.0000 238.5000 0.0000
576298 2 0.595080 0 279.5000 238.5000 0.0000
577519 1 0.458967 0 286.5000 239.0000 0.0000
577595 1 0.579487 0 324.5000 239.0000 0.0000
581408 2 0.647525 0 420.5000 240.5000 0.0000
588462 2 0.595293 0 326.5000 243.5000 0.0000
590635 1 0.537886 0 206.0000 244.5000 0.0000
592445 1 0.412120 0 507.5000 245.0000 0.0000
593920 0 0.206085 0 38.0000 246.0000 0.0000
594054 0 0.247658 0 105.0000 246.0000 0.0000
594424 0 0.409944 0 290.0000 246.0000 0.0000
595810 2 0.812080 0 379.5000 246.5000 0.0000
596847 1 0.462374 0 294.5000 247.0000 0.0000
596917 1 0.583775 0 329.5000 247.0000 0.0000
597115 1 0.630104 0 428.5000 247.0000 0.0000
598875 1 0.249002 0 101.5000 248.0000 0.0000
599241 1 0.567558 0 284.5000 248.0000 0.0000
599429 1 0.808378 0 378.5000 248.0000 0.0000
600894 2 0.413469 0 507.5000 248.5000 0.0000
605132 2 0.562013 0 212.5000 250.5000 0.0000
609178 0 0.544082 0 425.0000 252.0000 0.0000
609535 1 0.225951 1 0.0000 252.5000 0.0000
609536 2 0.225951 0 0.5000 252.5000 0.0000
609975 1 0.494892 0 220.0000 252.5000 0.0000
610394 2 0.651468 0 429.5000 252.5000 0.0000
611249 1 0.387252 0 253.5000 253.0000 0.0000
611258 0 0.367966 0 258.0000 253.0000 0.0000
612702 2 0.825224 0 376.5000 253.5000 0.0000
614932 2 0.578796 0 284.5000 254.5000 0.0000
615044 2 0.603168 0 340.5000 254.5000 0.0000
615045 1 0.601314 0 341.0000 254.5000 0.0000
615077 1 0.648794 0 357.0000 254.5000 0.0000
617230 2 0.523733 0 226.5000 255.5000 0.0000
617625 1 0.553761 0 424.0000 255.5000 0.0000
620951 1 0.415843 0 276.5000 257.0000 0.0000
620969 1 0.572427 0 285.5000 257.0000 0.0000
622302 2 0.692322 0 348.5000 257.5000 0.0000
624485 1 0.498964 0 233.0000 258.5000 0.0000
625784 0 0.408464 0 279.0000 259.0000 0.0000
627641 1 0.221092 0 0.5000 260.0000 0.0000
627650 0 0.218067 0 5.0000 260.0000 0.0000
627661 1 0.223267 0 10.5000 260.0000 0.0000
628358 0 0.571516 0 359.0000 260.0000 0.0000
629348 2 0.457872 0 250.5000 260.5000 0.0000
629474 2 0.590968 0 313.5000 260.5000 0.0000
629493 1 0.570350 0 323.0000 260.5000 0.0000
630743 1 0.633259 0 344.5000 261.0000 0.0000
630761 1 0.639896 0 353.5000 261.0000 0.0000
630915 1 0.628475 0 430.5000 261.0000 0.0000
633211 1 0.788055 0 371.5000 262.0000 0.0000
634360 2 0.645362 0 342.5000 262.5000 0.0000
635499 1 0.567871 0 308.5000 263.0000 0.0000
638999 1 0.425109 0 248.0000 264.5000 0.0000
639082 2 0.641238 0 289.5000 264.5000 0.0000
639116 2 0.570069 0 306.5000 264.5000 0.0000
641630 2 0.651078 0 356.5000 265.5000 0.0000
642493 1 0.343474 0 184.5000 266.0000 0.0000
643921 1 0.509340 0 295.0000 266.5000 0.0000
644538 0 0.219759 1 0.0000 267.0000 0.0000
645128 0 0.506631 0 295.0000 267.0000 0.0000
647669 1 0.646024 0 358.5000 268.0000 0.0000
649020 2 0.679274 0 430.5000 268.5000 0.0000
649934 0 0.452991 0 284.0000 269.0000 0.0000
650938 2 0.347843 0 182.5000 269.5000 0.0000
652375 1 0.553716 0 297.5000 270.0000 0.0000
654757 1 0.462996 0 281.5000 271.0000 0.0000
654773 1 0.596857 0 289.5000 271.0000 0.0000
658556 2 0.828732 0 370.5000 272.5000 0.0000
662467 1 0.387425 0 515.5000 274.0000 0.0000
663140 2 0.603547 0 248.5000 274.5000 0.0000
663686 2 0.401395 0 521.5000 274.5000 0.0000
667007 1 0.821184 0 371.5000 276.0000 0.0000
669541 1 0.658638 0 431.5000 277.0000 0.0000
673044 2 0.822795 0 372.5000 278.5000 0.0000
673115 1 0.514335 0 408.0000 278.5000 0.0000
673281 1 0.422782 0 491.0000 278.5000 0.0000
675702 2 0.424277 0 494.5000 279.5000 0.0000
676425 1 0.534458 0 252.5000 280.0000 0.0000
677040 0 0.332979 0 560.0000 280.0000 0.0000
677049 1 0.337689 0 564.5000 280.0000 0.0000
677698 2 0.683113 0 285.5000 280.5000 0.0000
677988 2 0.669941 0 430.5000 280.5000 0.0000
681560 0 0.511588 0 406.0000 282.0000 0.0000
682496 2 0.607537 0 270.5000 282.5000 0.0000
682507 1 0.587734 0 276.0000 282.5000 0.0000
683521 1 0.332165 0 179.5000 283.0000 0.0000
684420 2 0.242713 0 25.5000 283.5000 0.0000
684899 1 0.560318 0 265.0000 283.5000 0.0000
686623 1 0.370443 0 523.5000 284.0000 0.0000
688398 0 0.296902 0 204.0000 285.0000 0.0000
688853 1 0.635926 0 431.5000 285.0000 0.0000
689369 1 0.239935 0 86.0000 285.5000 0.0000
689593 1 0.300434 0 198.0000 285.5000 0.0000
690977 1 0.627150 0 286.5000 286.0000 0.0000
691244 0 0.491867 0 420.0000 286.0000 0.0000
691968 2 0.335340 0 178.5000 286.5000 0.0000
692132 2 0.623426 0 260.5000 286.5000 0.0000
693860 0 0.368332 0 521.0000 287.0000 0.0000
694190 2 0.241092 0 82.5000 287.5000 0.0000
694598 2 0.631641 0 286.5000 287.5000 0.0000
694943 1 0.464193 0 459.0000 287.5000 0.0000
695981 1 0.806849 0 374.5000 288.0000 0.0000
696083 1 0.513943 0 425.5000 288.0000 0.0000
698500 0 0.509058 0 427.0000 289.0000 0.0000
698623 1 0.420867 0 488.5000 289.0000 0.0000
699657 1 0.562164 0 402.0000 289.5000 0.0000
699664 2 0.568718 0 405.5000 289.5000 0.0000
699778 2 0.467528 0 462.5000 289.5000 0.0000
700602 0 0.459020 0 271.0000 290.0000 0.0000
704033 1 0.326370 0 176.0000 291.5000 0.0000
704728 2 0.382978 0 523.5000 291.5000 0.0000
704947 1 0.241031 0 29.5000 292.0000 0.0000
705435 1 0.469013 0 273.5000 292.0000 0.0000
707076 2 0.423903 0 490.5000 292.5000 0.0000
707133 1 0.376577 0 519.0000 292.5000 0.0000
710533 1 0.557114 0 408.5000 294.0000 0.0000
711632 2 0.571401 0 354.5000 294.5000 0.0000
711786 2 0.680230 0 431.5000 294.5000 0.0000
712993 1 0.677826 0 431.5000 295.0000 0.0000
713684 2 0.331676 0 173.5000 295.5000 0.0000
714092 2 0.819394 0 377.5000 295.5000 0.0000
714200 2 0.681096 0 431.5000 295.5000 0.0000
714477 1 0.316850 0 570.0000 295.5000 0.0000
716465 1 0.549613 0 357.0000 296.5000 0.0000
716898 2 0.318916 0 573.5000 296.5000 0.0000
717837 1 0.490551 0 439.5000 297.0000 0.0000
718585 1 0.352438 0 210.0000 297.5000 0.0000
719947 1 0.591880 0 287.5000 298.0000 0.0000
721010 2 0.378491 0 215.5000 298.5000 0.0000
721154 2 0.593673 0 287.5000 298.5000 0.0000
721424 2 0.546480 0 422.5000 298.5000 0.0000
721427 1 0.544186 0 424.0000 298.5000 0.0000
722596 0 0.523217 0 405.0000 299.0000 0.0000
722660 0 0.484042 0 437.0000 299.0000 0.0000
724407 1 0.245066 0 103.5000 300.0000 0.0000
724959 1 0.807067 0 379.5000 300.0000 0.0000
727113 1 0.447686 0 249.5000 301.0000 0.0000
727453 1 0.541958 0 419.5000 301.0000 0.0000
727475 1 0.647288 0 430.5000 301.0000 0.0000
728001 1 0.239733 0 90.0000 301.5000 0.0000
728230 2 0.372592 0 204.5000 301.5000 0.0000
729459 1 0.367700 0 215.5000 302.0000 0.0000
730730 2 0.452780 0 247.5000 302.5000 0.0000
731058 2 0.576918 0 411.5000 302.5000 0.0000
731860 0 0.316172 0 209.0000 303.0000 0.0000
731979 1 0.428378 0 268.5000 303.0000 0.0000
733357 1 0.537384 0 354.0000 303.5000 0.0000
735002 0 0.310581 0 573.0000 304.0000 0.0000
735009 1 0.311905 0 576.5000 304.0000 0.0000
735494 2 0.373899 0 215.5000 304.5000 0.0000
735598 2 0.430579 0 267.5000 304.5000 0.0000
735924 2 0.648655 0 430.5000 304.5000 0.0000
736654 0 0.295066 0 192.0000 305.0000 0.0000
736853 1 0.570947 0 291.5000 305.0000 0.0000
737114 0 0.510534 0 422.0000 305.0000 0.0000
737477 1 0.261605 1 0.0000 305.5000 0.0000
738244 2 0.831384 0 383.5000 305.5000 0.0000
738453 1 0.417527 0 488.0000 305.5000 0.0000
738478 2 0.422200 0 500.5000 305.5000 0.0000
738896 0 0.243839 0 106.0000 306.0000 0.0000
739099 1 0.322064 0 207.5000 306.0000 0.0000
740327 1 0.366281 0 218.0000 306.5000 0.0000
740377 1 0.430698 0 243.0000 306.5000 0.0000
740476 2 0.574913 0 292.5000 306.5000 0.0000
740590 2 0.571506 0 349.5000 306.5000 0.0000
741443 1 0.322927 0 172.5000 307.0000 0.0000
741919 1 0.552353 0 410.5000 307.0000 0.0000
742097 1 0.421071 0 499.5000 307.0000 0.0000
742827 1 0.408855 0 261.0000 307.5000 0.0000
743109 1 0.626585 0 402.0000 307.5000 0.0000
743185 1 0.503606 0 440.0000 307.5000 0.0000
744747 1 0.254759 0 14.0000 308.5000 0.0000
745188 2 0.465878 0 234.5000 308.5000 0.0000
745575 1 0.641096 0 428.0000 308.5000 0.0000
745606 2 0.505659 0 443.5000 308.5000 0.0000
746513 1 0.564075 0 293.5000 309.0000 0.0000
747178 2 0.256151 0 22.5000 309.5000 0.0000
747503 1 0.297916 0 185.0000 309.5000 0.0000
747986 2 0.643278 0 426.5000 309.5000 0.0000
750062 2 0.438867 0 257.5000 310.5000 0.0000
750397 1 0.641124 0 425.0000 310.5000 0.0000
750601 1 0.346330 0 527.0000 310.5000 0.0000
750610 2 0.351775 0 531.5000 310.5000 0.0000
750932 0 0.238440 0 89.0000 311.0000 0.0000
751730 0 0.414899 0 488.0000 311.0000 0.0000
752308 2 0.329057 0 173.5000 311.5000 0.0000
752347 1 0.314307 0 193.0000 311.5000 0.0000
753528 0 0.296651 0 180.0000 312.0000 0.0000
753970 0 0.583482 0 401.0000 312.0000 0.0000
756108 0 0.395631 0 263.0000 313.0000 0.0000
757380 2 0.592223 0 295.5000 313.5000 0.0000
758030 0 0.252466 0 17.0000 314.0000 0.0000
759731 1 0.397783 0 264.0000 314.5000 0.0000
760186 2 0.429973 0 491.5000 314.5000 0.0000
760455 1 0.253570 0 22.5000 315.0000 0.0000
760861 1 0.398795 0 225.5000 315.0000 0.0000
761294 0 0.484309 0 442.0000 315.0000 0.0000
763282 0 0.377156 0 229.0000 316.0000 0.0000
765009 1 0.428305 0 489.0000 316.5000 0.0000
768429 1 0.799078 0 388.5000 318.0000 0.0000
769215 1 0.318337 0 178.0000 318.5000 0.0000
769220 2 0.323628 0 180.5000 318.5000 0.0000
770066 0 0.256508 1 0.0000 319.0000 0.0000
770521 1 0.380529 0 227.5000 319.0000 0.0000
770971 1 0.490479 0 452.5000 319.0000 0.0000
771294 2 0.265942 0 10.5000 319.5000 0.0000
771714 2 0.402953 0 220.5000 319.5000 0.0000
772052 2 0.801333 0 389.5000 319.5000 0.0000
773067 1 0.558207 0 293.5000 320.0000 0.0000
773406 0 0.469584 0 463.0000 320.0000 0.0000
773415 1 0.473573 0 467.5000 320.0000 0.0000
774125 1 0.401240 0 219.0000 320.5000 0.0000
775528 0 0.380894 0 317.0000 321.0000 0.0000
775675 1 0.800225 0 390.5000 321.0000 0.0000
776942 2 0.783417 0 420.5000 321.5000 0.0000
778948 2 0.406855 0 216.5000 322.5000 0.0000
779298 2 0.802412 0 391.5000 322.5000 0.0000
779454 2 0.477970 0 469.5000 322.5000 0.0000
780069 1 0.320976 0 173.5000 323.0000 0.0000
780928 0 0.292840 1 603.0000 323.0000 0.0000
780937 1 0.261568 0 4.0000 323.5000 0.0000
781518 2 0.563035 0 294.5000 323.5000 0.0000
781789 1 0.648688 0 430.0000 323.5000 0.0000
781863 1 0.473485 0 467.0000 323.5000 0.0000
783413 1 0.249566 0 35.0000 324.5000 0.0000
783973 1 0.382634 0 315.0000 324.5000 0.0000
785757 1 0.262971 1 0.0000 325.5000 0.0000
785758 2 0.262971 0 0.5000 325.5000 0.0000
786102 2 0.323225 0 172.5000 325.5000 0.0000
786547 1 0.799694 0 395.0000 325.5000 0.0000
786622 2 0.654611 0 432.5000 325.5000 0.0000
787553 1 0.559469 0 294.5000 326.0000 0.0000
787807 1 0.738112 0 421.5000 326.0000 0.0000
791457 1 0.647132 0 436.0000 327.5000 0.0000
793333 1 0.312632 0 167.0000 328.5000 0.0000
793811 1 0.811884 0 406.0000 328.5000 0.0000
794629 1 0.362406 0 211.5000 329.0000 0.0000
795146 0 0.456935 0 470.0000 329.0000 0.0000
795742 2 0.313703 0 164.5000 329.5000 0.0000
796002 2 0.561372 0 294.5000 329.5000 0.0000
796216 2 0.817896 0 401.5000 329.5000 0.0000
796246 2 0.827320 0 416.5000 329.5000 0.0000
797000 0 0.284329 0 190.0000 330.0000 0.0000
797246 0 0.373173 0 313.0000 330.0000 0.0000
797565 1 0.460834 0 472.5000 330.0000 0.0000
798706 2 0.651687 0 439.5000 330.5000 0.0000
798903 1 0.325150 0 538.0000 330.5000 0.0000
798916 2 0.328199 0 544.5000 330.5000 0.0000
799259 1 0.249251 0 112.5000 331.0000 0.0000
799625 1 0.558908 0 295.5000 331.0000 0.0000
799869 1 0.824383 0 417.5000 331.0000 0.0000
799902 0 0.601714 0 434.0000 331.0000 0.0000
801351 1 0.323871 0 555.0000 331.5000 0.0000
801447 1 0.294384 1 603.0000 331.5000 0.0000
802083 1 0.377507 0 317.5000 332.0000 0.0000
802297 1 0.729367 0 424.5000 332.0000 0.0000
802329 1 0.650522 0 440.5000 332.0000 0.0000
803072 2 0.374310 0 208.5000 332.5000 0.0000
804710 0 0.727244 0 424.0000 333.0000 0.0000
805186 2 0.252840 0 58.5000 333.5000 0.0000
806190 2 0.330962 0 560.5000 333.5000 0.0000
806706 0 0.334603 0 215.0000 334.0000 0.0000
807352 0 0.321640 0 538.0000 334.0000 0.0000
807367 1 0.324087 0 545.5000 334.0000 0.0000
808080 2 0.588707 0 298.5000 334.5000 0.0000
809125 1 0.347317 0 217.5000 335.0000 0.0000
809802 0 0.317272 0 556.0000 335.0000 0.0000
810736 2 0.829909 0 419.5000 335.5000 0.0000
811445 1 0.300378 0 170.5000 336.0000 0.0000
811752 0 0.365211 0 324.0000 336.0000 0.0000
812711 1 0.325161 0 200.0000 336.5000 0.0000
814092 0 0.378597 0 287.0000 337.0000 0.0000
814633 1 0.319928 0 557.5000 337.0000 0.0000
815337 1 0.543858 0 306.0000 337.5000 0.0000
815569 1 0.827428 0 422.0000 337.5000 0.0000
816493 1 0.381590 0 280.5000 338.0000 0.0000
817530 2 0.327429 0 195.5000 338.5000 0.0000
817567 1 0.338776 0 214.0000 338.5000 0.0000
817572 2 0.349736 0 216.5000 338.5000 0.0000
818999 1 0.367115 0 326.5000 339.0000 0.0000
819931 1 0.318372 0 189.0000 339.5000 0.0000
820186 2 0.567160 0 316.5000 339.5000 0.0000
820830 0 0.247054 0 35.0000 340.0000 0.0000
822551 1 0.417400 0 292.0000 340.5000 0.0000
823174 0 0.253909 1 0.0000 341.0000 0.0000
824301 1 0.311138 0 563.5000 341.0000 0.0000
824962 2 0.418914 0 290.5000 341.5000 0.0000
825019 1 0.559836 0 319.0000 341.5000 0.0000
825728 0 0.244989 0 70.0000 342.0000 0.0000
825820 0 0.247117 0 116.0000 342.0000 0.0000
825999 1 0.328880 0 205.5000 342.0000 0.0000
826244 0 0.365234 0 328.0000 342.0000 0.0000
831974 2 0.325839 0 175.5000 344.5000 0.0000
832030 2 0.330685 0 203.5000 344.5000 0.0000
832266 2 0.568217 0 321.5000 344.5000 0.0000
832492 2 0.868290 0 434.5000 344.5000 0.0000
832979 1 0.246350 0 74.5000 345.0000 0.0000
833265 1 0.336668 0 217.5000 345.0000 0.0000
834037 1 0.256067 1 0.0000 345.5000 0.0000
835164 2 0.313269 0 563.5000 345.5000 0.0000
835889 1 0.564742 0 322.5000 346.0000 0.0000
838967 1 0.250834 0 51.0000 347.5000 0.0000
841716 2 0.339097 0 218.5000 348.5000 0.0000
843363 1 0.820645 0 438.5000 349.0000 0.0000
844365 1 0.381698 0 336.0000 349.5000 0.0000
845649 1 0.493707 0 374.5000 350.0000 0.0000
846449 1 0.320545 0 171.0000 350.5000 0.0000
846760 2 0.580084 0 326.5000 350.5000 0.0000
847698 0 0.280579 0 192.0000 351.0000 0.0000
847990 0 0.379526 0 338.0000 351.0000 0.0000
849270 2 0.495819 0 374.5000 351.5000 0.0000
850289 1 0.396269 0 280.5000 352.0000 0.0000
850598 0 0.714648 0 435.0000 352.0000 0.0000
851231 1 0.296489 0 148.0000 352.5000 0.0000
851272 2 0.321697 0 168.5000 352.5000 0.0000
851593 1 0.571407 0 329.0000 352.5000 0.0000
851820 2 0.839795 0 442.5000 352.5000 0.0000
853009 1 0.720213 0 433.5000 353.0000 0.0000
854010 2 0.573285 0 330.5000 353.5000 0.0000
857345 1 0.283513 0 187.5000 355.0000 0.0000
857612 0 0.352870 0 321.0000 355.0000 0.0000
858362 2 0.247936 0 92.5000 355.5000 0.0000
858468 2 0.301871 0 145.5000 355.5000 0.0000
859783 1 0.308163 0 199.5000 356.0000 0.0000
861259 1 0.562383 0 334.0000 356.5000 0.0000
861798 0 0.254281 1 0.0000 357.0000 0.0000
863173 1 0.245811 0 84.0000 357.5000 0.0000
863568 2 0.409344 0 281.5000 357.5000 0.0000
863643 1 0.354623 0 319.0000 357.5000 0.0000
864217 1 0.254353 0 2.5000 358.0000 0.0000
865619 1 0.246198 0 100.0000 358.5000 0.0000
866647 1 0.254614 0 10.5000 359.0000 0.0000
867561 1 0.624595 0 467.5000 359.0000 0.0000
868512 2 0.588369 0 339.5000 359.5000 0.0000
869970 0 0.601130 0 465.0000 360.0000 0.0000
871754 0 0.273340 0 150.0000 361.0000 0.0000
872890 2 0.251341 0 114.5000 361.5000 0.0000
873058 2 0.313214 0 198.5000 361.5000 0.0000
875317 1 0.249506 0 121.0000 362.5000 0.0000
877516 2 0.256257 0 13.5000 363.5000 0.0000
877584 2 0.255587 0 47.5000 363.5000 0.0000
879575 1 0.697830 0 439.5000 364.0000 0.0000
879951 1 0.253220 0 24.0000 364.5000 0.0000
880819 1 0.807324 0 458.0000 364.5000 0.0000
880842 2 0.653115 0 469.5000 364.5000 0.0000
885029 1 0.279559 0 149.0000 366.5000 0.0000
885425 1 0.553683 0 347.0000 366.5000 0.0000
885443 1 0.396162 0 356.0000 366.5000 0.0000
885612 2 0.700700 0 440.5000 366.5000 0.0000
886223 1 0.290188 0 142.5000 367.0000 0.0000
886830 0 0.618555 0 446.0000 367.0000 0.0000
888066 2 0.815059 0 460.5000 367.5000 0.0000
889088 0 0.416518 0 368.0000 368.0000 0.0000
889245 1 0.619809 0 446.5000 368.0000 0.0000
889246 0 0.618586 0 447.0000 368.0000 0.0000
889287 1 0.639712 0 467.5000 368.0000 0.0000
889639 1 0.253938 0 40.0000 368.5000 0.0000
890940 0 0.244447 0 87.0000 369.0000 0.0000
891649 1 0.695490 0 441.5000 369.0000 0.0000
892254 2 0.291697 0 140.5000 369.5000 0.0000
892873 1 0.621344 0 450.0000 369.5000 0.0000
893413 1 0.248828 0 116.5000 370.0000 0.0000
895088 2 0.577216 0 350.5000 370.5000 0.0000
895123 1 0.418910 0 368.0000 370.5000 0.0000
895351 1 0.562309 0 482.0000 370.5000 0.0000
895983 1 0.301046 0 194.5000 371.0000 0.0000
898113 1 0.253285 0 52.5000 372.0000 0.0000
898414 0 0.276292 0 203.0000 372.0000 0.0000
898931 1 0.803212 0 461.5000 372.0000 0.0000
899485 1 0.281367 0 135.0000 372.5000 0.0000
900192 2 0.670928 0 488.5000 372.5000 0.0000
900476 0 0.250141 0 27.0000 373.0000 0.0000
900666 0 0.246231 0 122.0000 373.0000 0.0000
902522 2 0.713569 0 446.5000 373.5000 0.0000
903253 1 0.299364 0 208.5000 374.0000 0.0000
903539 1 0.571046 0 351.5000 374.0000 0.0000
905348 0 0.252159 0 49.0000 375.0000 0.0000
905966 0 0.377656 0 358.0000 375.0000 0.0000
906156 0 0.615876 0 453.0000 375.0000 0.0000
906720 2 0.284885 0 131.5000 375.5000 0.0000
906844 2 0.305021 0 193.5000 375.5000 0.0000
913399 1 0.618814 0 453.5000 378.0000 0.0000
913460 0 0.477453 0 484.0000 378.0000 0.0000
918779 1 0.276563 0 126.0000 380.5000 0.0000
918940 2 0.313906 0 206.5000 380.5000 0.0000
920277 1 0.347748 0 271.5000 381.0000 0.0000
920455 1 0.386807 0 360.5000 381.0000 0.0000
921190 2 0.277779 0 124.5000 381.5000 0.0000
921864 2 0.815343 0 461.5000 381.5000 0.0000
922527 1 0.295401 0 189.5000 382.0000 0.0000
925487 1 0.812320 0 462.5000 383.0000 0.0000
926476 2 0.597000 0 353.5000 383.5000 0.0000
927951 1 0.559672 0 487.5000 384.0000 0.0000
928417 1 0.269149 0 117.0000 384.5000 0.0000
928581 1 0.281674 0 199.0000 384.5000 0.0000
929110 2 0.813936 0 463.5000 384.5000 0.0000
930291 1 0.668262 0 450.5000 385.0000 0.0000
930317 1 0.812612 0 463.5000 385.0000 0.0000
930972 2 0.297588 0 187.5000 385.5000 0.0000
931140 2 0.359738 0 271.5000 385.5000 0.0000
932714 0 0.602129 0 455.0000 386.0000 0.0000
935129 1 0.603811 0 455.5000 387.0000 0.0000
936354 2 0.816327 0 464.5000 387.5000 0.0000
937043 1 0.294892 0 205.5000 388.0000 0.0000
937544 0 0.602531 0 456.0000 388.0000 0.0000
939959 1 0.603875 0 456.5000 389.0000 0.0000
940805 1 0.335874 0 276.0000 389.5000 0.0000
943080 2 0.296049 0 206.5000 390.5000 0.0000
943572 2 0.690764 0 452.5000 390.5000 0.0000
944591 1 0.566401 0 358.5000 391.0000 0.0000
946749 1 0.278876 0 230.5000 392.0000 0.0000
947714 2 0.273372 0 109.5000 392.5000 0.0000
949909 1 0.260293 1 0.0000 393.5000 0.0000
952882 2 0.352787 0 279.5000 394.5000 0.0000
953042 2 0.573706 0 359.5000 394.5000 0.0000
953760 0 0.247693 0 115.0000 395.0000 0.0000
954268 0 0.361993 0 369.0000 395.0000 0.0000
954448 0 0.596090 0 459.0000 395.0000 0.0000
954724 0 0.266571 0 597.0000 395.0000 0.0000
954735 1 0.268365 0 602.5000 395.0000 0.0000
954736 0 0.268365 1 603.0000 395.0000 0.0000
956021 1 0.259387 0 38.5000 396.0000 0.0000
956885 1 0.804228 0 470.5000 396.0000 0.0000
958116 2 0.637021 0 482.5000 396.5000 0.0000
958573 1 0.268769 0 107.5000 397.0000 0.0000
959269 1 0.660849 0 455.5000 397.0000 0.0000
959315 1 0.599739 0 478.5000 397.0000 0.0000
960024 2 0.283075 0 229.5000 397.5000 0.0000
961185 1 0.288898 0 206.5000 398.0000 0.0000
961206 0 0.258086 0 217.0000 398.0000 0.0000
961730 0 0.598085 0 479.0000 398.0000 0.0000
962215 1 0.251398 0 118.0000 398.5000 0.0000
965686 0 0.257759 0 43.0000 400.0000 0.0000
966563 1 0.623577 0 481.5000 400.0000 0.0000
967218 2 0.290153 0 205.5000 400.5000 0.0000
969436 2 0.273344 0 107.5000 401.5000 0.0000
969955 1 0.542098 0 367.0000 401.5000 0.0000
970995 1 0.329877 0 283.5000 402.0000 0.0000
972554 2 0.681840 0 459.5000 402.5000 0.0000
972580 2 0.813226 0 472.5000 402.5000 0.0000
974481 1 0.260027 0 216.0000 403.5000 0.0000
974788 2 0.545359 0 369.5000 403.5000 0.0000
974789 1 0.543455 0 370.0000 403.5000 0.0000
977036 2 0.333804 0 286.5000 404.5000 0.0000
977206 2 0.548275 0 371.5000 404.5000 0.0000
977207 1 0.545270 0 372.0000 404.5000 0.0000
977670 0 0.257956 1 0.0000 405.0000 0.0000
977883 1 0.271417 0 106.5000 405.0000 0.0000
978467 1 0.376211 0 398.5000 405.0000 0.0000
978591 1 0.678553 0 460.5000 405.0000 0.0000
979624 2 0.550446 0 373.5000 405.5000 0.0000
979625 1 0.549192 0 374.0000 405.5000 0.0000
984462 2 0.588030 0 378.5000 407.5000 0.0000
985855 1 0.810281 0 471.5000 408.0000 0.0000
986328 2 0.272538 0 104.5000 408.5000 0.0000
989301 1 0.571889 0 384.0000 409.5000 0.0000
991138 2 0.274763 0 95.5000 410.5000 0.0000
991149 1 0.268080 0 101.0000 410.5000 0.0000
991874 2 0.706898 0 463.5000 410.5000 0.0000
992733 1 0.318525 0 289.5000 411.0000 0.0000
992964 0 0.371032 0 405.0000 411.0000 0.0000
994737 1 0.272255 0 84.5000 412.0000 0.0000
996705 1 0.692323 0 465.0000 412.5000 0.0000
998306 2 0.277184 0 58.5000 413.5000 0.0000
998352 2 0.276700 0 81.5000 413.5000 0.0000
999130 2 0.830702 0 470.5000 413.5000 0.0000
1001455 1 0.400054 0 426.0000 414.5000 0.0000
1003598 2 0.322604 0 290.5000 415.5000 0.0000
1003864 2 0.401734 0 423.5000 415.5000 0.0000
1005151 1 0.694986 0 463.5000 416.0000 0.0000
1005583 1 0.272024 0 76.0000 416.5000 0.0000
1006218 2 0.620380 0 393.5000 416.5000 0.0000
1007570 0 0.680673 0 466.0000 417.0000 0.0000
1007583 1 0.827019 0 472.5000 417.0000 0.0000
1008777 1 0.683813 0 466.0000 417.5000 0.0000
1012074 0 0.278161 0 304.0000 419.0000 0.0000
1012716 2 0.279512 0 21.5000 419.5000 0.0000
1013495 1 0.390547 0 411.0000 419.5000 0.0000
1013602 2 0.700231 0 464.5000 419.5000 0.0000
1013620 2 0.834485 0 473.5000 419.5000 0.0000
1014011 1 0.269501 0 65.5000 420.0000 0.0000
1014260 0 0.260916 0 190.0000 420.0000 0.0000
1015163 1 0.269822 0 38.0000 420.5000 0.0000
1017501 1 0.270620 1 0.0000 421.5000 0.0000
1019283 1 0.295157 0 287.5000 422.0000 0.0000
1019637 1 0.697679 0 464.5000 422.0000 0.0000
1020052 2 0.274813 0 68.5000 422.5000 0.0000
1020711 1 0.594398 0 398.0000 422.5000 0.0000
1022071 1 0.830641 0 474.5000 423.0000 0.0000
1024976 2 0.265581 0 116.5000 424.5000 0.0000
1025950 0 0.269366 1 0.0000 425.0000 0.0000
1025951 1 0.269366 0 0.5000 425.0000 0.0000
1026212 0 0.247650 0 131.0000 425.0000 0.0000
1028086 2 0.707630 0 464.5000 425.5000 0.0000
1028751 1 0.265367 0 193.5000 426.0000 0.0000
1030144 2 0.296929 0 286.5000 426.5000 0.0000
1030378 2 0.625605 0 403.5000 426.5000 0.0000
1030520 2 0.835318 0 474.5000 426.5000 0.0000
1030885 1 0.269972 0 53.5000 427.0000 0.0000
1032166 2 0.263359 0 90.5000 427.5000 0.0000
1033646 0 0.252842 0 227.0000 428.0000 0.0000
1033815 1 0.281151 0 311.5000 428.0000 0.0000
1034141 1 0.831627 0 474.5000 428.0000 0.0000
1036181 1 0.295825 0 287.5000 429.0000 0.0000
1036814 2 0.272247 0 0.5000 429.5000 0.0000
1037192 2 0.267335 0 189.5000 429.5000 0.0000
1038088 0 0.263892 0 34.0000 430.0000 0.0000
1038193 1 0.261531 0 86.5000 430.0000 0.0000
1038365 1 0.268129 0 172.5000 430.0000 0.0000
1039227 1 0.272247 1 0.0000 430.5000 0.0000
1039534 2 0.265543 0 153.5000 430.5000 0.0000
1039839 1 0.296442 0 306.0000 430.5000 0.0000
1041064 0 0.278754 0 315.0000 431.0000 0.0000
1042459 1 0.603478 0 409.0000 431.5000 0.0000
1042592 2 0.838522 0 475.5000 431.5000 0.0000
1042889 1 0.268814 0 20.5000 432.0000 0.0000
1043444 0 0.276239 0 298.0000 432.0000 0.0000
1045491 1 0.254469 0 114.5000 433.0000 0.0000
1046810 2 0.269299 0 170.5000 433.5000 0.0000
1048043 1 0.263848 0 183.5000 434.0000 0.0000
1049203 1 0.263488 0 160.0000 434.5000 0.0000
1051878 2 0.299807 0 290.5000 435.5000 0.0000
1053779 1 0.265888 0 34.0000 436.5000 0.0000
1054244 2 0.272079 0 266.5000 436.5000 0.0000
1054255 1 0.270159 0 272.0000 436.5000 0.0000
1054330 2 0.302957 0 309.5000 436.5000 0.0000
1056168 2 0.270222 0 21.5000 437.5000 0.0000
1056950 2 0.649440 0 412.5000 437.5000 0.0000
1058291 1 0.816852 0 479.5000 438.0000 0.0000
1060015 1 0.253907 0 134.5000 439.0000 0.0000
1060588 0 0.363507 0 421.0000 439.0000 0.0000
1062987 1 0.633944 0 413.5000 440.0000 0.0000
1063087 1 0.658990 0 463.5000 440.0000 0.0000
1064850 0 0.252642 0 138.0000 441.0000 0.0000
1064896 0 0.260879 0 161.0000 441.0000 0.0000
1066487 1 0.301138 0 353.0000 441.5000 0.0000
1067384 0 0.259681 0 198.0000 442.0000 0.0000
1067403 1 0.263593 0 207.5000 442.0000 0.0000
1067931 1 0.645554 0 471.5000 442.0000 0.0000
1067936 0 0.632195 0 474.0000 442.0000 0.0000
1069122 2 0.663764 0 463.5000 442.5000 0.0000
1069715 1 0.262008 0 156.5000 443.0000 0.0000
1069751 1 0.262293 0 174.5000 443.0000 0.0000
1070141 1 0.333687 0 369.5000 443.0000 0.0000
1070303 1 0.446143 0 450.5000 443.0000 0.0000
1071461 1 0.389873 0 426.0000 443.5000 0.0000
1072399 1 0.294829 0 291.5000 444.0000 0.0000
1073852 2 0.638810 0 414.5000 444.5000 0.0000
1074229 1 0.286661 1 603.0000 444.5000 0.0000
1076136 2 0.303006 0 349.5000 445.5000 0.0000
1078337 1 0.267619 0 243.0000 446.5000 0.0000
1080617 1 0.263133 0 176.0000 447.5000 0.0000
1082111 1 0.298582 0 319.5000 448.0000 0.0000
1082380 0 0.430296 0 454.0000 448.0000 0.0000
1083335 1 0.293395 0 328.0000 448.5000 0.0000
1083642 2 0.853362 0 481.5000 448.5000 0.0000
1085687 1 0.285419 0 297.0000 449.5000 0.0000
1085824 2 0.336838 0 365.5000 449.5000 0.0000
1085994 2 0.460441 0 450.5000 449.5000 0.0000
1088090 2 0.297860 0 291.5000 450.5000 0.0000
1088154 2 0.303395 0 323.5000 450.5000 0.0000
1090095 1 0.302267 0 87.0000 451.5000 0.0000
1090183 1 0.269731 0 131.0000 451.5000 0.0000
1092486 2 0.330889 0 75.5000 452.5000 0.0000
1092516 2 0.303852 0 90.5000 452.5000 0.0000
1092650 2 0.271149 0 157.5000 452.5000 0.0000
1092804 2 0.269219 0 234.5000 452.5000 0.0000
1093562 0 0.229643 0 10.0000 453.0000 0.0000
1094967 1 0.281996 0 109.0000 453.5000 0.0000
1095038 2 0.272841 0 144.5000 453.5000 0.0000
1095055 1 0.269192 0 153.0000 453.5000 0.0000
1095659 1 0.436268 0 455.0000 453.5000 0.0000
1096879 1 0.625337 0 461.5000 454.0000 0.0000
1097396 2 0.285839 0 116.5000 454.5000 0.0000
1099099 1 0.329535 0 364.5000 455.0000 0.0000
1099936 2 0.264519 0 179.5000 455.5000 0.0000
1099963 1 0.262349 0 193.0000 455.5000 0.0000
1100500 2 0.626754 0 461.5000 455.5000 0.0000
1101562 0 0.290573 0 389.0000 456.0000 0.0000
1104021 1 0.592639 0 411.5000 457.0000 0.0000
1104167 1 0.830647 0 484.5000 457.0000 0.0000
1104404 0 0.086930 1 603.0000 457.0000 0.0000
1106535 1 0.623579 0 461.5000 458.0000 0.0000
1106837 1 0.231242 0 9.0000 458.5000 0.0000
1107548 2 0.334547 0 364.5000 458.5000 0.0000
1108610 0 0.267806 0 292.0000 459.0000 0.0000
1108960 0 0.497080 0 467.0000 459.0000 0.0000
1110011 1 0.291818 0 389.0000 459.5000 0.0000
1110054 2 0.599058 0 410.5000 459.5000 0.0000
1110881 1 0.263321 0 220.5000 460.0000 0.0000
1112572 2 0.629676 0 462.5000 460.5000 0.0000
1112774 2 0.305612 0 563.5000 460.5000 0.0000
1112854 0 0.230889 1 0.0000 461.0000 0.0000
1112917 1 0.234504 0 31.5000 461.0000 0.0000
1112995 1 0.229408 0 70.5000 461.0000 0.0000
1113008 0 0.226189 0 77.0000 461.0000 0.0000
1113483 1 0.280089 0 314.5000 461.0000 0.0000
1113779 1 0.627022 0 462.5000 461.0000 0.0000
1114986 2 0.628439 0 462.5000 461.5000 0.0000
1115780 0 0.254863 0 256.0000 462.0000 0.0000
1117450 2 0.854983 0 487.5000 462.5000 0.0000
1120188 0 0.227708 0 46.0000 464.0000 0.0000
1120371 1 0.248809 0 137.5000 464.0000 0.0000
1121035 1 0.501845 0 469.5000 464.0000 0.0000
1124332 2 0.282850 0 307.5000 465.5000 0.0000
1125210 0 0.247066 0 143.0000 466.0000 0.0000
1126709 1 0.269110 0 289.0000 466.5000 0.0000
1134453 1 0.301662 0 540.0000 469.5000 0.0000
1141160 2 0.278984 0 272.5000 472.5000 0.0000
1141167 1 0.276543 0 276.0000 472.5000 0.0000
1141821 1 0.099276 1 603.0000 472.5000 0.0000
1142456 0 0.096696 0 317.0000 473.0000 0.0000
1143029 1 0.234215 1 0.0000 473.5000 0.0000
1143030 2 0.234215 0 0.5000 473.5000 0.0000
1143035 1 0.232610 0 3.0000 473.5000 0.0000
1150320 2 0.239322 0 24.5000 476.5000 0.0000
1151412 2 0.113443 0 570.5000 476.5000 0.0000
1151478 0 0.232297 1 0.0000 477.0000 0.0000
1151479 1 0.232297 0 0.5000 477.0000 0.0000
1152599 1 0.107481 0 560.5000 477.0000 0.0000
1152759 1 0.236488 0 37.0000 477.5000 0.0000
1155098 0 0.097471 1 603.0000 478.0000 0.0000
1155457 1 0.264766 0 179.0000 478.5000 0.0000
1156324 0 0.230754 0 9.0000 479.0000 0.0000
1157606 2 0.237831 0 46.5000 479.5000 0.0000
1160087 1 0.228662 0 80.0000 480.5000 0.0000
1162680 2 0.267014 0 169.5000 481.5000 0.0000
1162775 1 0.270521 0 217.0000 481.5000 0.0000
1162790 2 0.275936 0 224.5000 481.5000 0.0000
1165158 2 0.272625 0 201.5000 482.5000 0.0000
1165911 1 0.102566 0 578.0000 482.5000 0.0000
1166560 0 0.098610 0 299.0000 483.0000 0.0000
1166573 1 0.101814 0 305.5000 483.0000 0.0000
1166802 0 0.115412 0 420.0000 483.0000 0.0000
1169205 1 0.116949 0 414.5000 484.0000 0.0000
1170091 1 0.263324 0 254.0000 484.5000 0.0000
1170173 1 0.100700 0 295.0000 484.5000 0.0000
1170478 2 0.123871 0 447.5000 484.5000 0.0000
1171997 1 0.236135 1 0.0000 485.5000 0.0000
1172651 1 0.104255 0 327.0000 485.5000 0.0000
1174125 1 0.121120 0 460.5000 486.0000 0.0000
1177470 2 0.106261 0 322.5000 487.5000 0.0000
1177883 1 0.112859 0 529.0000 487.5000 0.0000
1177892 2 0.114017 0 533.5000 487.5000 0.0000
1178031 1 0.102894 1 603.0000 487.5000 0.0000
1179986 2 0.118657 0 373.5000 488.5000 0.0000
1180428 2 0.104678 0 594.5000 488.5000 0.0000
1182423 1 0.114028 0 385.0000 489.5000 0.0000
1195122 0 0.061509 0 96.0000 495.0000 0.0000
1195254 0 0.064803 0 162.0000 495.0000 0.0000
1195469 1 0.073059 0 269.5000 495.0000 0.0000
1195944 0 0.096840 0 507.0000 495.0000 0.0000
1195955 1 0.098102 0 512.5000 495.0000 0.0000
1197620 0 0.064648 0 138.0000 496.0000 0.0000
1197847 1 0.069748 0 251.5000 496.0000 0.0000
1197917 1 0.073235 0 286.5000 496.0000 0.0000
1198430 0 0.089169 0 543.0000 496.0000 0.0000
1198464 0 0.089380 0 560.0000 496.0000 0.0000
1198539 1 0.090709 0 597.5000 496.0000 0.0000
1199798 0 0.060274 0 20.0000 497.0000 0.0000
1199880 0 0.062222 0 61.0000 497.0000 0.0000
1200312 0 0.069438 0 277.0000 497.0000 0.0000
1200340 0 0.071085 0 291.0000 497.0000 0.0000
1200938 0 0.088687 0 590.0000 497.0000 0.0000
1201125 1 0.064134 0 80.0000 497.5000 0.0000
1201351 1 0.067642 0 193.0000 497.5000 0.0000
1202819 1 0.081544 0 323.5000 498.0000 0.0000
1203123 1 0.097738 0 475.5000 498.0000 0.0000
1203732 2 0.068831 0 176.5000 498.5000 0.0000
1203918 2 0.074308 0 269.5000 498.5000 0.0000
1204507 1 0.091494 0 564.0000 498.5000 0.0000
1204721 1 0.064229 0 67.5000 499.0000 0.0000
1204971 1 0.067711 0 192.5000 499.0000 0.0000
1205695 1 0.091046 0 554.5000 499.0000 0.0000
1205755 1 0.091231 0 584.5000 499.0000 0.0000
1205792 0 0.088014 1 603.0000 499.0000 0.0000
1207083 1 0.063787 0 41.5000 500.0000 0.0000
1207281 1 0.065773 0 140.5000 500.0000 0.0000
1207424 0 0.066314 0 212.0000 500.0000 0.0000
1207547 1 0.071439 0 273.5000 500.0000 0.0000
1208710 2 0.070914 0 251.5000 500.5000 0.0000
1209443 1 0.064794 0 14.5000 501.0000 0.0000
1209564 0 0.061469 0 75.0000 501.0000 0.0000
1209706 0 0.064662 0 146.0000 501.0000 0.0000
1209719 1 0.066384 0 152.5000 501.0000 0.0000
1211196 2 0.078275 0 287.5000 501.5000 0.0000
1211574 2 0.099695 0 476.5000 501.5000 0.0000
1211808 2 0.092952 0 593.5000 501.5000 0.0000
1211828 0 0.063118 1 0.0000 502.0000 0.0000
1211926 0 0.062301 0 49.0000 502.0000 0.0000
1211937 1 0.064669 0 54.5000 502.0000 0.0000
1213619 1 0.075881 0 292.0000 502.5000 0.0000
1214160 2 0.093364 0 562.5000 502.5000 0.0000
1214519 1 0.066013 0 138.5000 503.0000 0.0000
1214928 0 0.079190 0 343.0000 503.0000 0.0000
1216926 0 0.064748 0 135.0000 504.0000 0.0000
1217437 1 0.087556 0 390.5000 504.0000 0.0000
1218403 1 0.071410 0 270.0000 504.5000 0.0000
1218520 2 0.085996 0 328.5000 504.5000 0.0000
1218947 1 0.090389 0 542.0000 504.5000 0.0000
1219069 1 0.089749 1 603.0000 504.5000 0.0000
1219331 1 0.066152 0 130.5000 505.0000 0.0000
1219864 0 0.084401 0 397.0000 505.0000 0.0000
1219982 0 0.089576 0 456.0000 505.0000 0.0000
1221205 1 0.090883 0 464.0000 505.5000 0.0000
1221852 0 0.065971 0 184.0000 506.0000 0.0000
1222040 0 0.069838 0 278.0000 506.0000 0.0000
1222297 1 0.087528 0 406.5000 506.0000 0.0000
1223377 1 0.082880 0 343.0000 506.5000 0.0000
1224255 1 0.067710 0 178.5000 507.0000 0.0000
1224767 1 0.088641 0 434.5000 507.0000 0.0000
1224786 0 0.084873 0 444.0000 507.0000 0.0000
1225707 1 0.076049 0 301.0000 507.5000 0.0000
1226922 0 0.074697 0 305.0000 508.0000 0.0000
1228427 1 0.090649 0 454.0000 508.5000 0.0000
1228438 2 0.092768 0 459.5000 508.5000 0.0000
1229865 1 0.088665 0 569.5000 509.0000 0.0000
1229940 2 0.069303 0 3.5000 509.5000 0.0000
1230716 2 0.091815 0 391.5000 509.5000 0.0000
1230727 1 0.088750 0 397.0000 509.5000 0.0000
1230736 2 0.091175 0 401.5000 509.5000 0.0000
1232347 1 0.068775 1 0.0000 510.5000 0.0000
1233218 2 0.089733 0 435.5000 510.5000 0.0000
1234248 0 0.078523 0 347.0000 511.0000 0.0000
1235649 1 0.086956 0 444.0000 511.5000 0.0000
1240728 2 0.090527 0 569.5000 513.5000 0.0000
1240905 1 0.066989 0 54.5000 514.0000 0.0000
1241639 1 0.084811 0 421.5000 514.0000 0.0000
1243236 0 0.066047 0 13.0000 515.0000 0.0000
1243247 1 0.067498 0 18.5000 515.0000 0.0000
1245624 0 0.066233 1 0.0000 516.0000 0.0000
1245744 0 0.065374 0 60.0000 516.0000 0.0000
1246903 1 0.066853 0 36.0000 516.5000 0.0000
1247335 1 0.075128 0 252.0000 516.5000 0.0000
1247672 2 0.085876 0 420.5000 516.5000 0.0000
1248055 1 0.067389 0 8.5000 517.0000 0.0000
1248992 0 0.081613 0 477.0000 517.0000 0.0000
1249015 1 0.084158 0 488.5000 517.0000 0.0000
1249024 0 0.081916 0 493.0000 517.0000 0.0000
1250869 1 0.077033 0 208.5000 518.0000 0.0000
1251107 1 0.080448 0 327.5000 518.0000 0.0000
1251358 0 0.081127 0 453.0000 518.0000 0.0000
1251369 1 0.084728 0 458.5000 518.0000 0.0000
1251902 2 0.080591 0 121.5000 518.5000 0.0000
1252926 0 0.065407 0 30.0000 519.0000 0.0000
1253753 1 0.083097 0 443.5000 519.0000 0.0000
1254211 1 0.069193 0 69.0000 519.5000 0.0000
1254472 2 0.078618 0 199.5000 519.5000 0.0000
1256456 0 0.081607 0 588.0000 520.0000 0.0000
1256485 1 0.082884 0 602.5000 520.0000 0.0000
1256486 0 0.082884 1 603.0000 520.0000 0.0000
1258106 0 0.073805 0 206.0000 521.0000 0.0000
1258516 0 0.079951 0 411.0000 521.0000 0.0000
1258547 1 0.082985 0 426.5000 521.0000 0.0000
1258574 0 0.080937 0 440.0000 521.0000 0.0000
1258685 1 0.083384 0 495.5000 521.0000 0.0000
1258819 1 0.083217 0 562.5000 521.0000 0.0000
1259058 2 0.079844 0 78.5000 521.5000 0.0000
1260620 0 0.072587 0 256.0000 522.0000 0.0000
1260979 1 0.083418 0 435.5000 522.0000 0.0000
1261222 0 0.080844 0 557.0000 522.0000 0.0000
1262237 1 0.089141 0 461.0000 522.5000 0.0000
1262256 2 0.092963 0 470.5000 522.5000 0.0000
1262666 0 0.068111 0 72.0000 523.0000 0.0000
1262767 1 0.078868 0 122.5000 523.0000 0.0000
1263384 0 0.080793 0 431.0000 523.0000 0.0000
1263627 1 0.082353 0 552.5000 523.0000 0.0000
1263756 2 0.081893 0 13.5000 523.5000 0.0000
1263860 2 0.073916 0 65.5000 523.5000 0.0000
1264291 1 0.080438 0 281.0000 523.5000 0.0000
1264310 2 0.083508 0 290.5000 523.5000 0.0000
1264382 2 0.084946 0 326.5000 523.5000 0.0000
1264620 2 0.090914 0 445.5000 523.5000 0.0000
1265323 1 0.076923 0 193.5000 524.0000 0.0000
1265693 1 0.081640 0 378.5000 524.0000 0.0000
1265994 0 0.074939 0 529.0000 524.0000 0.0000
1266267 1 0.072653 0 62.0000 524.5000 0.0000
1266627 1 0.076285 0 242.0000 524.5000 0.0000
1267043 1 0.088229 0 450.0000 524.5000 0.0000
1267054 2 0.091512 0 455.5000 524.5000 0.0000
1268368 0 0.076225 0 509.0000 525.0000 0.0000
1268383 1 0.079312 0 516.5000 525.0000 0.0000
1268735 1 0.076327 0 89.0000 525.5000 0.0000
1269085 1 0.077379 0 264.0000 525.5000 0.0000
1269102 2 0.083035 0 272.5000 525.5000 0.0000
1269229 1 0.083035 0 336.0000 525.5000 0.0000
1269349 1 0.081147 0 396.0000 525.5000 0.0000
1269410 2 0.085393 0 426.5000 525.5000 0.0000
1272638 0 0.074518 0 230.0000 527.0000 0.0000
1272649 1 0.076204 0 235.5000 527.0000 0.0000
1273149 1 0.082719 0 485.5000 527.0000 0.0000
1273795 1 0.079536 0 205.0000 527.5000 0.0000
1274247 1 0.082804 0 431.0000 527.5000 0.0000
1274623 1 0.078297 0 15.5000 528.0000 0.0000
1275072 0 0.074950 0 240.0000 528.0000 0.0000
1275533 1 0.081288 0 470.5000 528.0000 0.0000
1275546 0 0.080196 0 477.0000 528.0000 0.0000
1276409 1 0.080963 0 305.0000 528.5000 0.0000
1276486 2 0.085813 0 343.5000 528.5000 0.0000
1276534 2 0.084227 0 367.5000 528.5000 0.0000
1276627 1 0.081254 0 414.0000 528.5000 0.0000
1277536 0 0.075999 0 265.0000 529.0000 0.0000
1277566 0 0.076577 0 280.0000 529.0000 0.0000
1277932 0 0.079152 0 463.0000 529.0000 0.0000
1278213 1 0.076507 1 0.0000 529.5000 0.0000
1278634 2 0.081858 0 210.5000 529.5000 0.0000
1279531 1 0.076454 0 55.5000 530.0000 0.0000
1279963 1 0.079746 0 271.5000 530.0000 0.0000
1280332 0 0.078927 0 456.0000 530.0000 0.0000
1280339 1 0.080246 0 459.5000 530.0000 0.0000
1281934 0 0.075182 0 50.0000 531.0000 0.0000
1282610 0 0.079737 0 388.0000 531.0000 0.0000
1282689 1 0.082255 0 427.5000 531.0000 0.0000
1285086 0 0.079379 0 419.0000 532.0000 0.0000
1285768 2 0.090210 0 156.5000 532.5000 0.0000
1285830 2 0.089716 0 187.5000 532.5000 0.0000
1285922 2 0.081251 0 233.5000 532.5000 0.0000
1285931 1 0.078775 0 238.0000 532.5000 0.0000
1285952 2 0.086266 0 248.5000 532.5000 0.0000
1285981 1 0.078629 0 263.0000 532.5000 0.0000
1286615 1 0.089919 0 580.0000 532.5000 0.0000
1286622 2 0.091072 0 583.5000 532.5000 0.0000
1286647 1 0.087863 0 596.0000 532.5000 0.0000
1286658 2 0.090229 0 601.5000 532.5000 0.0000
1286661 1 0.090079 1 603.0000 532.5000 0.0000
1286662 0 0.074083 1 0.0000 533.0000 0.0000
1287314 0 0.076738 0 326.0000 533.0000 0.0000
1287413 1 0.082299 0 375.5000 533.0000 0.0000
1288090 2 0.088456 0 110.5000 533.5000 0.0000
1288107 1 0.086796 0 119.0000 533.5000 0.0000
1288939 1 0.086661 0 535.0000 533.5000 0.0000
1288958 2 0.091095 0 544.5000 533.5000 0.0000
1288979 1 0.087148 0 555.0000 533.5000 0.0000
1288988 2 0.090745 0 559.5000 533.5000 0.0000
1288995 1 0.089520 0 563.0000 533.5000 0.0000
1289006 2 0.091010 0 568.5000 533.5000 0.0000
1289739 1 0.080105 0 331.5000 534.0000 0.0000
1289783 1 0.081835 0 353.5000 534.0000 0.0000
1290556 2 0.088797 0 136.5000 534.5000 0.0000
1290567 1 0.086119 0 142.0000 534.5000 0.0000
1291264 2 0.093275 0 490.5000 534.5000 0.0000
1291295 1 0.088092 0 506.0000 534.5000 0.0000
1291817 1 0.083912 0 163.5000 535.0000 0.0000
1291837 1 0.080191 0 173.5000 535.0000 0.0000
1291891 1 0.079175 0 200.5000 535.0000 0.0000
1292820 2 0.086055 0 61.5000 535.5000 0.0000
1293479 1 0.081477 0 391.0000 535.5000 0.0000
1293718 2 0.089935 0 510.5000 535.5000 0.0000
1294337 1 0.076167 0 216.5000 536.0000 0.0000
1294349 1 0.076124 0 222.5000 536.0000 0.0000
1295156 2 0.083376 0 22.5000 536.5000 0.0000
1295210 2 0.086679 0 49.5000 536.5000 0.0000
1295221 1 0.084014 0 55.0000 536.5000 0.0000
1295880 2 0.083081 0 384.5000 536.5000 0.0000
1296638 0 0.082132 0 160.0000 537.0000 0.0000
1296697 1 0.078254 0 189.5000 537.0000 0.0000
1296708 0 0.076338 0 195.0000 537.0000 0.0000
1296740 0 0.073152 0 211.0000 537.0000 0.0000
1296770 0 0.074233 0 226.0000 537.0000 0.0000
1296800 0 0.076076 0 241.0000 537.0000 0.0000
1297525 1 0.077316 1 0.0000 537.5000 0.0000
1297581 1 0.081841 0 28.0000 537.5000 0.0000
1297993 1 0.078515 0 234.0000 537.5000 0.0000
1298336 2 0.084936 0 405.5000 537.5000 0.0000
1298996 0 0.080880 0 132.0000 538.0000 0.0000
1299090 0 0.075620 0 179.0000 538.0000 0.0000
1299225 1 0.078554 0 246.5000 538.0000 0.0000
1299240 0 0.075274 0 254.0000 538.0000 0.0000
1299343 1 0.080609 0 305.5000 538.0000 0.0000
1300647 1 0.081550 0 354.0000 538.5000 0.0000
1300699 1 0.081221 0 380.0000 538.5000 0.0000
1301374 0 0.082534 0 114.0000 539.0000 0.0000
1301379 1 0.083890 0 116.5000 539.0000 0.0000
1301419 1 0.083365 0 136.5000 539.0000 0.0000
1301428 0 0.082167 0 141.0000 539.0000 0.0000
1302682 2 0.087284 0 164.5000 539.5000 0.0000
1302900 2 0.086900 0 273.5000 539.5000 0.0000
1303671 1 0.081207 0 55.5000 540.0000 0.0000
1303743 1 0.081855 0 91.5000 540.0000 0.0000
1303781 1 0.083795 0 110.5000 540.0000 0.0000
1304369 1 0.083706 0 404.5000 540.0000 0.0000
1305430 2 0.088598 0 331.5000 540.5000 0.0000
1305464 2 0.082848 0 348.5000 540.5000 0.0000
1305514 2 0.088136 0 373.5000 540.5000 0.0000
1306146 0 0.079094 0 86.0000 541.0000 0.0000
1306741 1 0.081323 0 383.5000 541.0000 0.0000
1306750 0 0.079319 0 388.0000 541.0000 0.0000
1306825 1 0.081198 0 425.5000 541.0000 0.0000
1306899 1 0.081383 0 462.5000 541.0000 0.0000
1307479 1 0.086149 0 149.0000 541.5000 0.0000
1307521 1 0.081826 0 170.0000 541.5000 0.0000
1308551 1 0.081427 0 81.5000 542.0000 0.0000
1308709 1 0.084835 0 160.5000 542.0000 0.0000
1309447 1 0.079544 0 529.5000 542.0000 0.0000
1309513 1 0.078886 0 562.5000 542.0000 0.0000
1310026 2 0.086133 0 215.5000 542.5000 0.0000
1310407 1 0.083024 0 406.0000 542.5000 0.0000
1311558 0 0.079791 0 378.0000 543.0000 0.0000
1311814 0 0.077434 0 506.0000 543.0000 0.0000
1311900 0 0.075151 0 549.0000 543.0000 0.0000
1312124 2 0.083851 0 57.5000 543.5000 0.0000
1312473 1 0.082813 0 232.0000 543.5000 0.0000
1312500 2 0.086007 0 245.5000 543.5000 0.0000
1312531 1 0.081112 0 261.0000 543.5000 0.0000
1312553 1 0.083341 0 272.0000 543.5000 0.0000
1312839 1 0.083080 0 415.0000 543.5000 0.0000
1313961 1 0.084394 0 372.5000 544.0000 0.0000
1314390 0 0.075611 0 587.0000 544.0000 0.0000
1314421 1 0.080224 0 602.5000 544.0000 0.0000
1314422 0 0.080224 1 603.0000 544.0000 0.0000
1314960 2 0.084515 0 268.5000 544.5000 0.0000
1314983 1 0.083768 0 280.0000 544.5000 0.0000
1315142 2 0.084329 0 359.5000 544.5000 0.0000
1316081 1 0.082883 0 225.5000 545.0000 0.0000
1316540 0 0.077578 0 455.0000 545.0000 0.0000
1317563 1 0.083141 0 363.0000 545.5000 0.0000
1318057 1 0.075144 0 6.5000 546.0000 0.0000
1318459 1 0.083981 0 207.5000 546.0000 0.0000
1318533 1 0.083872 0 244.5000 546.0000 0.0000
1318693 1 0.083931 0 324.5000 546.0000 0.0000
1319432 2 0.091190 0 90.5000 546.5000 0.0000
1319463 1 0.084375 0 106.0000 546.5000 0.0000
1319532 2 0.092041 0 140.5000 546.5000 0.0000
1320180 2 0.082700 0 464.5000 546.5000 0.0000
1320263 1 0.078652 0 506.0000 546.5000 0.0000
1320888 0 0.080062 0 215.0000 547.0000 0.0000
1320936 0 0.081605 0 239.0000 547.0000 0.0000
1320972 0 0.079196 0 257.0000 547.0000 0.0000
1321268 0 0.081779 0 405.0000 547.0000 0.0000
1321288 0 0.081968 0 415.0000 547.0000 0.0000
1321907 1 0.086454 0 121.0000 547.5000 0.0000
1321930 2 0.091335 0 132.5000 547.5000 0.0000
1321937 1 0.090049 0 136.0000 547.5000 0.0000
1321963 1 0.086655 0 149.0000 547.5000 0.0000
1322023 1 0.087303 0 179.0000 547.5000 0.0000
1322520 2 0.088699 0 427.5000 547.5000 0.0000
1323409 1 0.081902 0 268.5000 548.0000 0.0000
1323420 0 0.080335 0 274.0000 548.0000 0.0000
1323818 0 0.075308 0 473.0000 548.0000 0.0000
1324094 2 0.076733 0 7.5000 548.5000 0.0000
1324310 2 0.090807 0 115.5000 548.5000 0.0000
1324394 2 0.092227 0 157.5000 548.5000 0.0000
1324424 2 0.088706 0 172.5000 548.5000 0.0000
1324450 2 0.088931 0 185.5000 548.5000 0.0000
1324473 1 0.082835 0 197.0000 548.5000 0.0000
1324826 2 0.090079 0 373.5000 548.5000 0.0000
1325994 0 0.073425 0 354.0000 549.0000 0.0000
1326160 0 0.078074 0 437.0000 549.0000 0.0000
1326167 1 0.079544 0 440.5000 549.0000 0.0000
1326946 2 0.086651 0 226.5000 549.5000 0.0000
1327253 1 0.087201 0 380.0000 549.5000 0.0000
1327278 2 0.092001 0 392.5000 549.5000 0.0000
1328659 1 0.078885 0 479.5000 550.0000 0.0000
1329328 2 0.087191 0 210.5000 550.5000 0.0000
1329349 1 0.084720 0 221.0000 550.5000 0.0000
1329369 1 0.084522 0 231.0000 550.5000 0.0000
1329569 1 0.083437 0 331.0000 550.5000 0.0000
1329829 1 0.081153 0 461.0000 550.5000 0.0000
1330975 1 0.085896 0 430.5000 551.0000 0.0000
1331112 0 0.074368 0 499.0000 551.0000 0.0000
1331119 1 0.075800 0 502.5000 551.0000 0.0000
1331798 2 0.089364 0 238.5000 551.5000 0.0000
1331827 1 0.082578 0 253.0000 551.5000 0.0000
1332159 1 0.083874 0 419.0000 551.5000 0.0000
1332364 2 0.088242 0 521.5000 551.5000 0.0000
1332381 1 0.084507 0 530.0000 551.5000 0.0000
1332454 2 0.097075 0 566.5000 551.5000 0.0000
1332642 0 0.067386 0 57.0000 552.0000 0.0000
1332661 1 0.072153 0 66.5000 552.0000 0.0000
1333542 0 0.071556 0 507.0000 552.0000 0.0000
1334377 1 0.087632 0 321.0000 552.5000 0.0000
1334893 1 0.095982 0 579.0000 552.5000 0.0000
1334942 0 0.062144 1 0.0000 553.0000 0.0000
1335009 1 0.071195 0 33.5000 553.0000 0.0000
1335047 1 0.070801 0 52.5000 553.0000 0.0000
1335110 0 0.073576 0 84.0000 553.0000 0.0000
1335119 1 0.076593 0 88.5000 553.0000 0.0000
1335195 1 0.077607 0 126.5000 553.0000 0.0000
1335315 1 0.080286 0 186.5000 553.0000 0.0000
1336743 1 0.090011 0 297.0000 553.5000 0.0000
1337346 2 0.101477 0 598.5000 553.5000 0.0000
1337355 1 0.098359 1 603.0000 553.5000 0.0000
1337386 0 0.065383 0 15.0000 554.0000 0.0000
1337407 1 0.070209 0 25.5000 554.0000 0.0000
1337414 0 0.067939 0 29.0000 554.0000 0.0000
1337432 0 0.067653 0 38.0000 554.0000 0.0000
1337542 0 0.073432 0 93.0000 554.0000 0.0000
1337553 1 0.082157 0 98.5000 554.0000 0.0000
1337582 0 0.072542 0 113.0000 554.0000 0.0000
1337630 0 0.069049 0 137.0000 554.0000 0.0000
1337665 1 0.076491 0 154.5000 554.0000 0.0000
1337746 0 0.071566 0 195.0000 554.0000 0.0000
1337763 1 0.077996 0 203.5000 554.0000 0.0000
1338020 0 0.082132 0 332.0000 554.0000 0.0000
1339108 2 0.096117 0 272.5000 554.5000 0.0000
1339125 1 0.090516 0 281.0000 554.5000 0.0000
1339144 2 0.095288 0 290.5000 554.5000 0.0000
1339178 2 0.092716 0 307.5000 554.5000 0.0000
1339793 1 0.067497 0 11.5000 555.0000 0.0000
1340547 1 0.085879 0 388.5000 555.0000 0.0000
1340813 1 0.085852 0 521.5000 555.0000 0.0000
1341059 1 0.069472 0 41.0000 555.5000 0.0000
1341104 2 0.077143 0 63.5000 555.5000 0.0000
1341143 1 0.075231 0 83.0000 555.5000 0.0000
1341603 1 0.090060 0 313.0000 555.5000 0.0000
1341610 2 0.092659 0 316.5000 555.5000 0.0000
1341630 2 0.089832 0 326.5000 555.5000 0.0000
1343764 2 0.083249 0 186.5000 556.5000 0.0000
1344062 2 0.085243 0 335.5000 556.5000 0.0000
1344278 2 0.089986 0 443.5000 556.5000 0.0000
1344930 0 0.067874 0 166.0000 557.0000 0.0000
1345696 0 0.065911 0 549.0000 557.0000 0.0000
1346195 1 0.073951 0 195.0000 557.5000 0.0000
1346214 2 0.082521 0 204.5000 557.5000 0.0000
1346469 1 0.084112 0 332.0000 557.5000 0.0000
1346499 1 0.080315 0 347.0000 557.5000 0.0000
1346705 1 0.088131 0 450.0000 557.5000 0.0000
1346740 2 0.093322 0 467.5000 557.5000 0.0000
1346747 1 0.091008 0 471.0000 557.5000 0.0000
1347462 0 0.062521 0 225.0000 558.0000 0.0000
1348131 1 0.070227 0 559.5000 558.0000 0.0000
1348219 1 0.071597 1 0.0000 558.5000 0.0000
1348396 2 0.082221 0 88.5000 558.5000 0.0000
1349186 2 0.095812 0 483.5000 558.5000 0.0000
1349199 1 0.092348 0 490.0000 558.5000 0.0000
1349516 0 0.065832 0 45.0000 559.0000 0.0000
1349525 1 0.068298 0 49.5000 559.0000 0.0000
1349619 1 0.078743 0 96.5000 559.0000 0.0000
1350023 1 0.083301 0 298.5000 559.0000 0.0000
1350165 1 0.084223 0 369.5000 559.0000 0.0000
1350172 0 0.082157 0 373.0000 559.0000 0.0000
1350582 0 0.066977 0 578.0000 559.0000 0.0000
1350593 1 0.069998 0 583.5000 559.0000 0.0000
1350673 1 0.073584 0 20.0000 559.5000 0.0000
1350686 2 0.077879 0 26.5000 559.5000 0.0000
1350851 1 0.085750 0 109.0000 559.5000 0.0000
1350873 1 0.081375 0 120.0000 559.5000 0.0000
1350884 2 0.086528 0 125.5000 559.5000 0.0000
1351652 2 0.097464 0 509.5000 559.5000 0.0000
1351665 1 0.095098 0 516.0000 559.5000 0.0000
1351948 0 0.065020 0 54.0000 560.0000 0.0000
1351967 1 0.070205 0 63.5000 560.0000 0.0000
1353256 2 0.090604 0 104.5000 560.5000 0.0000
1353274 2 0.088605 0 113.5000 560.5000 0.0000
1353309 1 0.082516 0 131.0000 560.5000 0.0000
1353407 1 0.071485 0 180.0000 560.5000 0.0000
1354090 2 0.096766 0 521.5000 560.5000 0.0000
1354254 0 0.070416 1 0.0000 561.0000 0.0000
1354298 0 0.072264 0 22.0000 561.0000 0.0000
1354620 0 0.070271 0 183.0000 561.0000 0.0000
1354631 1 0.072387 0 188.5000 561.0000 0.0000
1354650 0 0.066309 0 198.0000 561.0000 0.0000
1354679 1 0.075010 0 212.5000 561.0000 0.0000
1354723 1 0.065354 0 234.5000 561.0000 0.0000
1354732 0 0.064129 0 239.0000 561.0000 0.0000
1354755 1 0.069606 0 250.5000 561.0000 0.0000
1354888 0 0.076748 0 317.0000 561.0000 0.0000
1355067 1 0.054485 0 406.5000 561.0000 0.0000
1355076 0 0.053367 0 411.0000 561.0000 0.0000
1355460 0 0.062733 1 603.0000 561.0000 0.0000
1355750 2 0.088160 0 144.5000 561.5000 0.0000
1356056 2 0.085659 0 297.5000 561.5000 0.0000
1356236 2 0.094172 0 387.5000 561.5000 0.0000
1356519 1 0.092443 0 529.0000 561.5000 0.0000
1356526 2 0.095688 0 532.5000 561.5000 0.0000
1356721 1 0.076411 0 26.5000 562.0000 0.0000
1356812 0 0.063612 0 72.0000 562.0000 0.0000
1357079 1 0.075116 0 205.5000 562.0000 0.0000
1357086 0 0.073774 0 209.0000 562.0000 0.0000
1357466 0 0.052942 0 399.0000 562.0000 0.0000
1358961 1 0.087427 0 543.0000 562.5000 0.0000
1358984 2 0.092321 0 554.5000 562.5000 0.0000
1359592 0 0.066659 0 255.0000 563.0000 0.0000
1359758 0 0.072452 0 338.0000 563.0000 0.0000
1359959 1 0.062061 0 438.5000 563.0000 0.0000
1360315 1 0.074226 0 13.0000 563.5000 0.0000
1360597 1 0.080671 0 154.0000 563.5000 0.0000
1361012 2 0.093560 0 361.5000 563.5000 0.0000
1361029 1 0.090602 0 370.0000 563.5000 0.0000
1361055 1 0.089808 0 383.0000 563.5000 0.0000
1361413 1 0.085256 0 562.0000 563.5000 0.0000
1361422 2 0.088567 0 566.5000 563.5000 0.0000
1361431 1 0.083322 0 571.0000 563.5000 0.0000
1361665 1 0.069996 0 84.5000 564.0000 0.0000
1362023 1 0.071196 0 263.5000 564.0000 0.0000
1362159 1 0.076673 0 331.5000 564.0000 0.0000
1363335 1 0.080077 0 316.0000 564.5000 0.0000
1363456 2 0.092538 0 376.5000 564.5000 0.0000
1363856 2 0.088596 0 576.5000 564.5000 0.0000
1363863 1 0.087156 0 580.0000 564.5000 0.0000
1363870 2 0.088590 0 583.5000 564.5000 0.0000
1364088 0 0.067712 0 89.0000 565.0000 0.0000
1364105 1 0.076766 0 97.5000 565.0000 0.0000
1364456 0 0.068734 0 273.0000 565.0000 0.0000
1364842 0 0.053554 0 466.0000 565.0000 0.0000
1364853 1 0.054736 0 471.5000 565.0000 0.0000
1365128 2 0.080642 0 5.5000 565.5000 0.0000
1365434 2 0.083072 0 158.5000 565.5000 0.0000
1365460 2 0.081686 0 171.5000 565.5000 0.0000
1366297 1 0.079617 0 590.0000 565.5000 0.0000
1366565 1 0.074219 0 120.5000 566.0000 0.0000
1367278 0 0.051927 0 477.0000 566.0000 0.0000
1367592 2 0.083902 0 30.5000 566.5000 0.0000
1367612 2 0.083591 0 40.5000 566.5000 0.0000
1367651 1 0.078132 0 60.0000 566.5000 0.0000
1367869 1 0.080516 0 169.0000 566.5000 0.0000
1368388 2 0.075361 0 428.5000 566.5000 0.0000
1368724 2 0.084512 0 596.5000 566.5000 0.0000
1368729 1 0.083452 0 599.0000 566.5000 0.0000
1368736 2 0.086320 0 602.5000 566.5000 0.0000
1368737 1 0.086320 1 603.0000 566.5000 0.0000
1368783 1 0.079509 0 22.5000 567.0000 0.0000
1368946 0 0.070069 0 104.0000 567.0000 0.0000
1368992 0 0.072272 0 127.0000 567.0000 0.0000
1369707 1 0.053744 0 484.5000 567.0000 0.0000
1369718 0 0.052640 0 490.0000 567.0000 0.0000
1369727 1 0.054467 0 494.5000 567.0000 0.0000
1369738 0 0.051322 0 500.0000 567.0000 0.0000
1370015 1 0.082420 0 35.0000 567.5000 0.0000
1370058 2 0.081093 0 56.5000 567.5000 0.0000
1371176 0 0.071506 0 12.0000 568.0000 0.0000
1371435 1 0.080410 0 141.5000 568.0000 0.0000
1371776 0 0.073613 0 312.0000 568.0000 0.0000
1372461 1 0.078868 0 51.0000 568.5000 0.0000
1372517 1 0.080433 0 79.0000 568.5000 0.0000
1372746 2 0.082120 0 193.5000 568.5000 0.0000
1372830 2 0.080273 0 235.5000 568.5000 0.0000
1372869 1 0.079080 0 255.0000 568.5000 0.0000
1373870 0 0.075263 0 152.0000 569.0000 0.0000
1374021 1 0.078789 0 227.5000 569.0000 0.0000
1374173 1 0.077863 0 303.5000 569.0000 0.0000
1374607 1 0.055971 0 520.5000 569.0000 0.0000
1374773 1 0.078574 1 0.0000 569.5000 0.0000
1374910 2 0.085326 0 68.5000 569.5000 0.0000
1375135 1 0.079366 0 181.0000 569.5000 0.0000
1375253 1 0.076730 0 240.0000 569.5000 0.0000
1375292 2 0.083023 0 259.5000 569.5000 0.0000
1375303 1 0.081269 0 265.0000 569.5000 0.0000
1376293 1 0.077254 0 156.5000 570.0000 0.0000
1376304 0 0.072385 0 162.0000 570.0000 0.0000
1376311 1 0.076067 0 165.5000 570.0000 0.0000
1376761 1 0.062111 0 390.5000 570.0000 0.0000
1377583 1 0.077987 0 198.0000 570.5000 0.0000
1377728 2 0.085816 0 270.5000 570.5000 0.0000
1378087 1 0.060046 0 450.0000 570.5000 0.0000
1378448 0 0.077166 0 27.0000 571.0000 0.0000
1378742 0 0.070765 0 174.0000 571.0000 0.0000
1379450 0 0.048862 0 528.0000 571.0000 0.0000
1379493 1 0.049781 0 549.5000 571.0000 0.0000
1379504 0 0.048141 0 555.0000 571.0000 0.0000
1379537 1 0.055079 0 571.5000 571.0000 0.0000
1380177 1 0.079018 0 288.0000 571.5000 0.0000
1380201 1 0.076635 0 300.0000 571.5000 0.0000
1381195 1 0.080693 0 193.5000 572.0000 0.0000
1382027 1 0.078202 0 6.0000 572.5000 0.0000
1382264 2 0.080955 0 124.5000 572.5000 0.0000
1382457 1 0.083364 0 221.0000 572.5000 0.0000
1382464 2 0.084747 0 224.5000 572.5000 0.0000
1382604 2 0.084116 0 294.5000 572.5000 0.0000
1382632 2 0.079669 0 308.5000 572.5000 0.0000
1382645 1 0.076838 0 315.0000 572.5000 0.0000
1382802 2 0.064429 0 393.5000 572.5000 0.0000
1382825 1 0.061451 0 405.0000 572.5000 0.0000
1383283 1 0.078908 0 30.5000 573.0000 0.0000
1383730 0 0.074902 0 254.0000 573.0000 0.0000
1384219 1 0.054080 0 498.5000 573.0000 0.0000
1384304 0 0.047505 0 541.0000 573.0000 0.0000
1384687 1 0.079005 0 129.0000 573.5000 0.0000
1384796 2 0.085372 0 183.5000 573.5000 0.0000
1384858 2 0.088218 0 214.5000 573.5000 0.0000
1384926 2 0.083253 0 248.5000 573.5000 0.0000
1385570 2 0.057871 0 570.5000 573.5000 0.0000
1385636 0 0.072744 1 0.0000 574.0000 0.0000
1385710 0 0.072566 0 37.0000 574.0000 0.0000
1386102 0 0.071549 0 233.0000 574.0000 0.0000
1387039 1 0.077719 0 98.0000 574.5000 0.0000
1387056 2 0.084202 0 106.5000 574.5000 0.0000
1387067 1 0.078785 0 112.0000 574.5000 0.0000
1387114 2 0.086666 0 135.5000 574.5000 0.0000
1387167 1 0.076858 0 162.0000 574.5000 0.0000
1387777 1 0.062201 0 467.0000 574.5000 0.0000
1388615 1 0.073884 0 282.5000 575.0000 0.0000
1389255 1 0.049004 0 602.5000 575.0000 0.0000
1389256 0 0.049004 1 603.0000 575.0000 0.0000
1389285 1 0.080316 0 14.0000 575.5000 0.0000
1389420 2 0.085723 0 81.5000 575.5000 0.0000
1389497 1 0.078105 0 120.0000 575.5000 0.0000
1389535 1 0.084490 0 139.0000 575.5000 0.0000
1389546 2 0.087808 0 144.5000 575.5000 0.0000
1389598 2 0.082361 0 170.5000 575.5000 0.0000
1390170 2 0.064109 0 456.5000 575.5000 0.0000
1390467 1 0.074042 0 1.5000 576.0000 0.0000
1390557 1 0.074837 0 46.5000 576.0000 0.0000
1390574 0 0.067056 0 55.0000 576.0000 0.0000
1390651 1 0.078241 0 93.5000 576.0000 0.0000
1391238 0 0.052889 0 387.0000 576.0000 0.0000
1391279 1 0.060920 0 407.5000 576.0000 0.0000
1391454 0 0.052441 0 495.0000 576.0000 0.0000
1391533 1 0.052010 0 534.5000 576.0000 0.0000
1391672 2 0.075263 0 0.5000 576.5000 0.0000
1391690 2 0.082365 0 9.5000 576.5000 0.0000
1391904 2 0.080266 0 116.5000 576.5000 0.0000
1392023 1 0.077099 0 176.0000 576.5000 0.0000
1392614 2 0.063504 0 471.5000 576.5000 0.0000
1393072 0 0.076400 0 97.0000 577.0000 0.0000
1393391 1 0.077819 0 256.5000 577.0000 0.0000
1393421 1 0.072049 0 271.5000 577.0000 0.0000
1393663 1 0.055263 0 392.5000 577.0000 0.0000
1393674 0 0.051843 0 398.0000 577.0000 0.0000
1394085 1 0.075263 1 0.0000 577.5000 0.0000
1394144 2 0.084313 0 29.5000 577.5000 0.0000
1394159 1 0.074575 0 37.0000 577.5000 0.0000
1394545 1 0.074466 0 230.0000 577.5000 0.0000
1394569 1 0.075044 0 242.0000 577.5000 0.0000
1394591 1 0.077058 0 253.0000 577.5000 0.0000
1395421 1 0.083306 0 64.5000 578.0000 0.0000
1395434 0 0.077786 0 71.0000 578.0000 0.0000
1395899 1 0.066220 0 303.5000 578.0000 0.0000
1395906 0 0.064784 0 307.0000 578.0000 0.0000
1396413 1 0.052027 0 560.5000 578.0000 0.0000
1396484 0 0.042928 0 596.0000 578.0000 0.0000
1397704 2 0.050641 0 602.5000 578.5000 0.0000
1397705 1 0.050641 1 603.0000 578.5000 0.0000
1398074 0 0.065627 0 184.0000 579.0000 0.0000
1398304 0 0.064105 0 299.0000 579.0000 0.0000
1398554 0 0.051192 0 424.0000 579.0000 0.0000
1399424 2 0.078950 0 255.5000 579.5000 0.0000
1399476 2 0.075836 0 281.5000 579.5000 0.0000
1399728 2 0.064033 0 407.5000 579.5000 0.0000
1400271 1 0.081553 0 75.5000 580.0000 0.0000
1400333 1 0.081041 0 106.5000 580.0000 0.0000
1400457 1 0.079488 0 168.5000 580.0000 0.0000
1400475 1 0.074185 0 177.5000 580.0000 0.0000
1400495 1 0.068557 0 187.5000 580.0000 0.0000
1400511 1 0.067062 0 195.5000 580.0000 0.0000
1400991 1 0.052360 0 435.5000 580.0000 0.0000
1401258 0 0.049404 0 569.0000 580.0000 0.0000
1401271 1 0.050764 0 575.5000 580.0000 0.0000
1401804 2 0.081079 0 238.5000 580.5000 0.0000
1401947 1 0.066624 0 310.0000 580.5000 0.0000
1402287 1 0.056469 0 480.0000 580.5000 0.0000
1402559 1 0.072362 0 12.5000 581.0000 0.0000
1402831 1 0.071815 0 148.5000 581.0000 0.0000
1402842 0 0.062192 0 154.0000 581.0000 0.0000
1402918 0 0.064089 0 192.0000 581.0000 0.0000
1403420 0 0.049811 0 443.0000 581.0000 0.0000
1404286 2 0.075703 0 272.5000 581.5000 0.0000
1404948 0 0.067312 1 0.0000 582.0000 0.0000
1404988 0 0.069596 0 20.0000 582.0000 0.0000
1405001 1 0.077794 0 26.5000 582.0000 0.0000
1405022 0 0.068419 0 37.0000 582.0000 0.0000
1405118 0 0.075980 0 85.0000 582.0000 0.0000
1405232 0 0.065462 0 142.0000 582.0000 0.0000
1406153 1 0.048992 0 602.5000 582.0000 0.0000
1406154 0 0.048992 1 603.0000 582.0000 0.0000
1406337 1 0.080564 0 91.0000 582.5000 0.0000
1406514 2 0.075830 0 179.5000 582.5000 0.0000
1406749 1 0.066726 0 297.0000 582.5000 0.0000
1406760 2 0.074889 0 302.5000 582.5000 0.0000
1406957 1 0.061209 0 401.0000 582.5000 0.0000
1407586 0 0.067635 0 112.0000 583.0000 0.0000
1407771 1 0.064553 0 204.5000 583.0000 0.0000
1408935 1 0.072927 0 183.0000 583.5000 0.0000
1408942 2 0.075814 0 186.5000 583.5000 0.0000
1409581 1 0.059203 0 506.0000 583.5000 0.0000
1410011 1 0.075413 0 117.5000 584.0000 0.0000
1410026 0 0.065245 0 125.0000 584.0000 0.0000
1410041 1 0.068152 0 132.5000 584.0000 0.0000
1410051 1 0.069948 0 137.5000 584.0000 0.0000
1410180 0 0.062769 0 202.0000 584.0000 0.0000
1410235 1 0.064492 0 229.5000 584.0000 0.0000
1410719 1 0.058339 0 471.5000 584.0000 0.0000
1411374 2 0.072557 0 195.5000 584.5000 0.0000
1412378 0 0.078482 0 94.0000 585.0000 0.0000
1412458 0 0.066843 0 134.0000 585.0000 0.0000
1413693 1 0.076104 0 148.0000 585.5000 0.0000
1413698 2 0.077723 0 150.5000 585.5000 0.0000
1413719 1 0.075882 0 161.0000 585.5000 0.0000
1413736 2 0.084469 0 169.5000 585.5000 0.0000
1413781 1 0.068114 0 192.0000 585.5000 0.0000
1414449 1 0.061143 0 526.0000 585.5000 0.0000
1415026 0 0.058725 0 211.0000 586.0000 0.0000
1416100 2 0.079483 0 144.5000 586.5000 0.0000
1416121 1 0.076535 0 155.0000 586.5000 0.0000
1416126 2 0.077757 0 157.5000 586.5000 0.0000
1417683 1 0.050177 0 332.5000 587.0000 0.0000
1417704 0 0.048725 0 343.0000 587.0000 0.0000
1417982 0 0.055124 0 482.0000 587.0000 0.0000
1418425 1 0.084838 0 100.0000 587.5000 0.0000
1418666 2 0.066908 0 220.5000 587.5000 0.0000
1418959 1 0.062519 0 367.0000 587.5000 0.0000
1419053 1 0.058906 0 414.0000 587.5000 0.0000
1419266 2 0.062254 0 520.5000 587.5000 0.0000
1419825 1 0.069792 0 196.5000 588.0000 0.0000
1419938 0 0.054215 0 253.0000 588.0000 0.0000
1420053 1 0.049872 0 310.5000 588.0000 0.0000
1420076 0 0.046044 0 322.0000 588.0000 0.0000
1422050 0 0.083309 0 102.0000 589.0000 0.0000
1422133 1 0.077611 0 143.5000 589.0000 0.0000
1422142 0 0.069067 0 148.0000 589.0000 0.0000
1422149 1 0.070494 0 151.5000 589.0000 0.0000
1422172 0 0.068777 0 163.0000 589.0000 0.0000
1422361 1 0.056272 0 257.5000 589.0000 0.0000
1423794 2 0.063786 0 370.5000 589.5000 0.0000
1424570 0 0.067453 0 155.0000 590.0000 0.0000
1424579 1 0.070508 0 159.5000 590.0000 0.0000
1424609 1 0.074158 0 174.5000 590.0000 0.0000
1424693 1 0.062223 0 216.5000 590.0000 0.0000
1425276 0 0.054799 0 508.0000 590.0000 0.0000
1425601 1 0.102580 0 67.0000 590.5000 0.0000
1425705 1 0.084028 0 119.0000 590.5000 0.0000
1427044 0 0.060503 0 185.0000 591.0000 0.0000
1427274 0 0.046577 0 300.0000 591.0000 0.0000
1427881 1 0.115515 1 0.0000 591.5000 0.0000
1427882 2 0.115515 0 0.5000 591.5000 0.0000
1427917 1 0.106904 0 18.0000 591.5000 0.0000
1428128 2 0.091305 0 123.5000 591.5000 0.0000
1428135 1 0.085677 0 127.0000 591.5000 0.0000
1428173 1 0.072829 0 146.0000 591.5000 0.0000
1428280 2 0.078448 0 199.5000 591.5000 0.0000
1428631 1 0.061195 0 375.0000 591.5000 0.0000
1428851 1 0.058083 0 485.0000 591.5000 0.0000
1428942 2 0.063538 0 530.5000 591.5000 0.0000
1430363 1 0.110445 0 34.0000 592.5000 0.0000
1430596 2 0.081197 0 150.5000 592.5000 0.0000
1430713 1 0.069830 0 209.0000 592.5000 0.0000
1431168 2 0.070577 0 436.5000 592.5000 0.0000
1431416 2 0.061108 0 560.5000 592.5000 0.0000
1431458 2 0.061173 0 581.5000 592.5000 0.0000
1431740 0 0.081661 0 119.0000 593.0000 0.0000
1431968 0 0.050271 0 233.0000 593.0000 0.0000
1432655 1 0.059365 0 576.5000 593.0000 0.0000
1432758 2 0.111604 0 24.5000 593.5000 0.0000
1432786 2 0.112797 0 38.5000 593.5000 0.0000
1432815 1 0.102794 0 53.0000 593.5000 0.0000
1432930 2 0.104887 0 110.5000 593.5000 0.0000
1432974 2 0.091181 0 132.5000 593.5000 0.0000
1432987 1 0.085969 0 139.0000 593.5000 0.0000
1432992 2 0.087395 0 141.5000 593.5000 0.0000
1433017 1 0.078043 0 154.0000 593.5000 0.0000
1433134 2 0.071134 0 212.5000 593.5000 0.0000
1433567 1 0.066523 0 429.0000 593.5000 0.0000
1433796 2 0.062672 0 543.5000 593.5000 0.0000
1433811 1 0.058831 0 551.0000 593.5000 0.0000
1433839 1 0.058989 0 565.0000 593.5000 0.0000
1434161 1 0.089760 0 122.5000 594.0000 0.0000
1434413 1 0.061035 0 248.5000 594.0000 0.0000
1434487 1 0.050364 0 285.5000 594.0000 0.0000
1434577 1 0.057112 0 330.5000 594.0000 0.0000
1434939 1 0.058503 0 511.5000 594.0000 0.0000
1435246 2 0.105190 0 61.5000 594.5000 0.0000
1435270 2 0.104688 0 73.5000 594.5000 0.0000
1435331 1 0.092234 0 104.0000 594.5000 0.0000
1435446 2 0.090884 0 161.5000 594.5000 0.0000
1435457 1 0.076705 0 167.0000 594.5000 0.0000
1435472 2 0.080485 0 174.5000 594.5000 0.0000
1435561 1 0.064656 0 219.0000 594.5000 0.0000
1435829 1 0.060134 0 353.0000 594.5000 0.0000
1436003 1 0.067147 0 440.0000 594.5000 0.0000
1436051 1 0.057918 0 464.0000 594.5000 0.0000
1436118 2 0.060564 0 497.5000 594.5000 0.0000
1436201 1 0.061219 0 539.0000 594.5000 0.0000
1436866 0 0.049493 0 268.0000 595.0000 0.0000
1436877 1 0.051312 0 273.5000 595.0000 0.0000
1436892 0 0.047928 0 281.0000 595.0000 0.0000
1437726 2 0.104975 0 94.5000 595.5000 0.0000
1437911 1 0.064847 0 187.0000 595.5000 0.0000
1437984 2 0.067466 0 223.5000 595.5000 0.0000
1438324 2 0.069120 0 393.5000 595.5000 0.0000
1438676 2 0.063073 0 569.5000 595.5000 0.0000
1440121 1 0.099345 0 85.0000 596.5000 0.0000
1440838 2 0.072211 0 443.5000 596.5000 0.0000
1440894 2 0.062112 0 471.5000 596.5000 0.0000
1441824 0 0.055403 0 333.0000 597.0000 0.0000
1442825 1 0.062906 0 230.0000 597.5000 0.0000
1443212 2 0.069909 0 423.5000 597.5000 0.0000
1443571 1 0.060215 1 603.0000 597.5000 0.0000
1443584 0 0.093488 0 6.0000 598.0000 0.0000
1445969 1 0.054071 0 595.0000 598.5000 0.0000
1445984 2 0.060215 0 602.5000 598.5000 0.0000
1447207 1 0.095336 0 7.0000 599.5000 0.0000
1447664 2 0.068253 0 235.5000 599.5000 0.0000
1447685 1 0.063689 0 246.0000 599.5000 0.0000
1450130 2 0.067570 0 261.5000 600.5000 0.0000
1450147 1 0.064178 0 270.0000 600.5000 0.0000
1451522 0 0.051536 0 354.0000 601.0000 0.0000
1451535 1 0.056671 0 360.5000 601.0000 0.0000
1452612 2 0.075330 0 295.5000 601.5000 0.0000
1452665 1 0.064697 0 322.0000 601.5000 0.0000
1455088 2 0.068317 0 326.5000 602.5000 0.0000
1455099 1 0.064511 0 332.0000 602.5000 0.0000
1455108 2 0.066097 0 336.5000 602.5000 0.0000
1455141 1 0.054866 0 353.0000 602.5000 0.0000
1455156 2 0.057949 0 360.5000 602.5000 0.0000
1455682 0 0.082035 1 20.0000 603.0000 0.0000
1455701 1 0.083861 1 29.5000 603.0000 0.0000
1455720 0 0.079693 1 39.0000 603.0000 0.0000
1455729 1 0.081548 1 43.5000 603.0000 0.0000
1455754 0 0.071887 1 56.0000 603.0000 0.0000
1455763 1 0.074221 1 60.5000 603.0000 0.0000
1455786 0 0.037887 1 72.0000 603.0000 0.0000
1455797 1 0.040689 1 77.5000 603.0000 0.0000
1455806 0 0.038722 1 82.0000 603.0000 0.0000
1455827 1 0.050058 1 92.5000 603.0000 0.0000
1455840 0 0.037662 1 99.0000 603.0000 0.0000
1455847 1 0.040544 1 102.5000 603.0000 0.0000
1455882 0 0.030203 1 120.0000 603.0000 0.0000
1455889 1 0.031273 1 123.5000 603.0000 0.0000
1455896 0 0.029240 1 127.0000 603.0000 0.0000
1455905 1 0.031695 1 131.5000 603.0000 0.0000
1455924 0 0.028277 1 141.0000 603.0000 0.0000
1455951 1 0.034769 1 154.5000 603.0000 0.0000
1455958 0 0.032702 1 158.0000 603.0000 0.0000
1455981 1 0.052819 1 169.5000 603.0000 0.0000
1456012 0 0.027099 1 185.0000 603.0000 0.0000
1456021 1 0.029080 1 189.5000 603.0000 0.0000
1456030 0 0.027242 1 194.0000 603.0000 0.0000
1456049 1 0.031695 1 203.5000 603.0000 0.0000
1456058 0 0.028479 1 208.0000 603.0000 0.0000
1456109 1 0.058707 1 233.5000 603.0000 0.0000
1456134 0 0.050428 1 246.0000 603.0000 0.0000
1456167 1 0.060662 1 262.5000 603.0000 0.0000
1456194 0 0.057736 1 276.0000 603.0000 0.0000
1456233 1 0.070351 1 295.5000 603.0000 0.0000
1456282 0 0.062757 1 320.0000 603.0000 0.0000
1456295 1 0.068317 1 326.5000 603.0000 0.0000
1456306 0 0.064511 1 332.0000 603.0000 0.0000
1456315 1 0.066097 1 336.5000 603.0000 0.0000
1456348 0 0.054866 1 353.0000 603.0000 0.0000
1456361 1 0.057949 1 359.5000 603.0000 0.0000
1456398 0 0.042515 1 378.0000 603.0000 0.0000
1456407 1 0.047156 1 382.5000 603.0000 0.0000
1456414 0 0.045226 1 386.0000 603.0000 0.0000
1456425 1 0.049739 1 391.5000 603.0000 0.0000
1456440 0 0.043413 1 399.0000 603.0000 0.0000
1456447 1 0.045246 1 402.5000 603.0000 0.0000
1456460 0 0.041711 1 409.0000 603.0000 0.0000
1456483 1 0.052196 1 420.5000 603.0000 0.0000
1456508 0 0.049052 1 433.0000 603.0000 0.0000
1456519 1 0.054952 1 438.5000 603.0000 0.0000
1456542 0 0.039171 1 450.0000 603.0000 0.0000
1456559 1 0.047381 1 458.5000 603.0000 0.0000
1456566 0 0.045962 1 462.0000 603.0000 0.0000
1456581 1 0.055371 1 469.5000 603.0000 0.0000
1456606 0 0.037381 1 482.0000 603.0000 0.0000
1456621 1 0.044175 1 489.5000 603.0000 0.0000
1456630 0 0.040529 1 494.0000 603.0000 0.0000
1456657 1 0.045870 1 507.5000 603.0000 0.0000
1456688 0 0.044488 1 523.0000 603.0000 0.0000
1456701 1 0.046528 1 529.5000 603.0000 0.0000
1456758 0 0.040626 1 558.0000 603.0000 0.0000
1456783 1 0.044803 1 570.5000 603.0000 0.0000
1456798 0 0.039165 1 578.0000 603.0000 0.0000
1456823 1 0.047433 1 590.5000 603.0000 0.0000
1456830 0 0.046043 1 594.0000 603.0000 0.0000
1456839 1 0.049634 1 598.5000 603.0000 0.0000
1456848 0 0.044564 1 603.0000 603.0000 0.0000
