531136 2 0.987908 0 481.5000 129.5000 0.0000
537275 1 0.563433 0 480.5000 131.0000 0.0000
969425 1 0.802120 0 597.0000 236.5000 0.0000
999900 0 0.319812 0 482.0000 244.0000 0.0000
1110439 1 0.693692 0 482.5000 271.0000 0.0000
1163918 0 0.409122 0 611.0000 284.0000 0.0000
1172931 1 0.575771 1 0.0000 286.5000 0.0000
1255985 1 0.817270 0 587.0000 306.5000 0.0000
1262126 0 0.474084 0 587.0000 308.0000 0.0000
1335878 0 0.448309 0 617.0000 326.0000 0.0000
1352271 1 0.836022 0 625.5000 330.0000 0.0000
1507519 1 0.446761 0 463.5000 368.0000 0.0000
1611920 2 0.786815 0 465.5000 393.5000 0.0000
1812796 2 0.999435 0 600.5000 442.5000 0.0000
2243512 0 0.078604 1 0.0000 548.0000 0.0000
