2042 0 0.174953 1 1021.0000 0.0000 0.0000
637408 2 0.770469 0 395.5000 155.5000 0.0000
657889 1 0.615661 0 401.0000 160.5000 0.0000
666332 2 0.635263 0 528.5000 162.5000 0.0000
674449 1 0.411799 0 493.0000 164.5000 0.0000
702967 1 0.625040 0 423.0000 171.5000 0.0000
707028 2 0.747926 0 406.5000 172.5000 0.0000
711184 2 0.700835 0 437.5000 173.5000 0.0000
717495 1 0.549223 0 522.5000 175.0000 0.0000
719235 1 0.415898 0 369.0000 175.5000 0.0000
737813 1 0.588755 0 446.5000 180.0000 0.0000
793280 2 0.612708 0 545.5000 193.5000 0.0000
801300 2 0.641314 0 461.5000 195.5000 0.0000
801315 1 0.608364 0 469.0000 195.5000 0.0000
823997 1 0.558616 0 551.5000 201.0000 0.0000
827732 0 0.338072 0 372.0000 202.0000 0.0000
840284 0 0.381376 0 507.0000 205.0000 0.0000
862746 2 0.662910 0 479.5000 210.5000 0.0000
878919 1 0.416402 0 378.0000 214.5000 0.0000
889367 1 0.606730 0 484.5000 217.0000 0.0000
907794 2 0.637116 0 486.5000 221.5000 0.0000
915756 2 0.557604 0 373.5000 223.5000 0.0000
930160 0 0.319674 0 411.0000 227.0000 0.0000
930299 1 0.500125 0 480.5000 227.0000 0.0000
940571 1 0.558152 0 499.0000 229.5000 0.0000
942564 0 0.423587 0 472.0000 230.0000 0.0000
948720 2 0.545262 0 479.5000 231.5000 0.0000
952615 1 0.508829 0 380.0000 232.5000 0.0000
958968 0 0.393801 0 486.0000 234.0000 0.0000
969008 2 0.626909 0 388.5000 236.5000 0.0000
969427 1 0.613526 0 598.0000 236.5000 0.0000
979411 1 0.454500 0 472.5000 239.0000 0.0000
1003969 1 0.561763 0 469.5000 245.0000 0.0000
1008076 0 0.407031 0 476.0000 246.0000 0.0000
1008085 1 0.458411 0 480.5000 246.0000 0.0000
1033805 1 0.312398 0 35.0000 252.5000 0.0000
1034547 1 0.490307 0 406.0000 252.5000 0.0000
1038954 2 0.820402 0 562.5000 253.5000 0.0000
1043009 1 0.639680 0 543.0000 254.5000 0.0000
1055274 2 0.685356 0 534.5000 257.5000 0.0000
1065530 0 0.562217 0 545.0000 260.0000 0.0000
1067360 2 0.453870 0 436.5000 260.5000 0.0000
1069613 1 0.633558 0 539.5000 261.0000 0.0000
1069649 1 0.781308 0 557.5000 261.0000 0.0000
1083731 1 0.421617 0 434.0000 264.5000 0.0000
1083814 2 0.634360 0 475.5000 264.5000 0.0000
1097292 0 0.253880 0 50.0000 268.0000 0.0000
1099239 1 0.506891 1 0.0000 268.5000 0.0000
1099240 2 0.506891 0 0.5000 268.5000 0.0000
1100472 2 0.674343 0 616.5000 268.5000 0.0000
1106347 1 0.546057 0 483.5000 270.0000 0.0000
1110425 1 0.591139 0 475.5000 271.0000 0.0000
1124672 2 0.597740 0 434.5000 274.5000 0.0000
1132118 2 0.422859 0 63.5000 276.5000 0.0000
1147197 1 0.529041 0 438.5000 280.0000 0.0000
1149310 2 0.675916 0 471.5000 280.5000 0.0000
1154508 0 0.414551 1 0.0000 282.0000 0.0000
1154509 1 0.414551 0 0.5000 282.0000 0.0000
1161551 1 0.552336 0 451.0000 283.5000 0.0000
1168025 1 0.630191 0 617.5000 285.0000 0.0000
1172098 0 0.484487 0 607.0000 286.0000 0.0000
1172931 1 0.488966 1 0.0000 286.5000 0.0000
1172934 2 0.496299 0 1.5000 286.5000 0.0000
1173824 2 0.616523 0 446.5000 286.5000 0.0000
1181179 1 0.340150 0 30.0000 288.5000 0.0000
1211012 2 0.675395 0 617.5000 295.5000 0.0000
1213004 0 0.513907 0 590.0000 296.0000 0.0000
1233505 1 0.532753 0 605.5000 301.0000 0.0000
1243609 1 0.528302 0 540.0000 303.5000 0.0000
1249886 0 0.501361 0 608.0000 305.0000 0.0000
1251856 2 0.826483 0 569.5000 305.5000 0.0000
1255669 1 0.426829 0 429.0000 306.5000 0.0000
1255882 2 0.562919 0 535.5000 306.5000 0.0000
1256991 1 0.312693 0 66.5000 307.0000 0.0000
1258051 1 0.542537 0 596.5000 307.0000 0.0000
1259799 1 0.405799 0 447.0000 307.5000 0.0000
1260081 1 0.617715 0 588.0000 307.5000 0.0000
1263840 2 0.461676 0 420.5000 308.5000 0.0000
1266005 1 0.559759 0 479.5000 309.0000 0.0000
1272074 2 0.435878 0 443.5000 310.5000 0.0000
1272409 1 0.634001 0 611.0000 310.5000 0.0000
1278502 0 0.573781 0 587.0000 312.0000 0.0000
1283568 2 0.340831 0 49.5000 313.5000 0.0000
1284432 2 0.588896 0 481.5000 313.5000 0.0000
1303041 1 0.792585 0 574.5000 318.0000 0.0000
1311039 1 0.555517 0 479.5000 320.0000 0.0000
1317434 2 0.778884 0 606.5000 321.5000 0.0000
1339953 1 0.730964 0 607.5000 327.0000 0.0000
1342029 1 0.639516 0 622.0000 327.5000 0.0000
1356354 0 0.592798 0 620.0000 331.0000 0.0000
1370412 2 0.584281 0 484.5000 334.5000 0.0000
1382709 1 0.540931 0 492.0000 337.5000 0.0000
1401176 0 0.362955 0 514.0000 342.0000 0.0000
1411624 2 0.865597 0 620.5000 344.5000 0.0000
1472844 2 0.585481 0 525.5000 359.5000 0.0000
1501517 1 0.551663 0 533.0000 366.5000 0.0000
1501535 1 0.393726 0 542.0000 366.5000 0.0000
1518163 1 0.555043 0 668.0000 370.5000 0.0000
1524263 1 0.796775 0 647.5000 372.0000 0.0000
1526364 2 0.665670 0 674.5000 372.5000 0.0000
1552966 0 0.470720 0 670.0000 379.0000 0.0000
1571128 2 0.594882 0 539.5000 383.5000 0.0000
1573443 1 0.554639 0 673.5000 384.0000 0.0000
1574749 1 0.277256 0 303.0000 384.5000 0.0000
1592566 0 0.274110 1 0.0000 389.0000 0.0000
1592567 1 0.274110 0 0.5000 389.0000 0.0000
1610050 0 0.360047 0 554.0000 393.0000 0.0000
1617128 2 0.450489 0 1022.5000 394.5000 0.0000
1617129 1 0.450489 1 1023.0000 394.5000 0.0000
1618420 0 0.586842 0 645.0000 395.0000 0.0000
1630695 1 0.655632 0 641.5000 398.0000 0.0000
1644847 1 0.539761 0 553.0000 401.5000 0.0000
1718625 1 0.388817 0 596.0000 419.5000 0.0000
1725619 1 0.259115 0 1022.5000 421.0000 0.0000
1725620 0 0.259115 1 1023.0000 421.0000 0.0000
1734163 1 0.279191 0 177.0000 423.5000 0.0000
1737962 2 0.388011 0 29.5000 424.5000 0.0000
1741997 1 0.375794 1 0.0000 425.5000 0.0000
1792322 2 0.645405 0 598.5000 437.5000 0.0000
1830016 2 0.310477 0 1022.5000 446.5000 0.0000
1830017 1 0.310477 1 1023.0000 446.5000 0.0000
1837979 1 0.256103 0 910.0000 448.5000 0.0000
1853058 2 0.334307 0 261.5000 452.5000 0.0000
1894822 2 0.852270 0 673.5000 462.5000 0.0000
2243512 0 0.085923 1 0.0000 548.0000 0.0000
2348539 1 0.106569 0 315.0000 573.5000 0.0000
2352002 0 0.084412 1 1023.0000 574.0000 0.0000
2378613 1 0.115481 1 1023.0000 580.5000 0.0000
2421601 1 0.130647 1 0.0000 591.5000 0.0000
2421976 2 0.145169 0 187.5000 591.5000 0.0000
2468720 0 0.058102 1 19.0000 603.0000 0.0000
2469059 1 0.118048 1 188.5000 603.0000 0.0000
2469336 0 0.053265 1 327.0000 603.0000 0.0000
2469649 1 0.100568 1 483.5000 603.0000 0.0000
2470018 0 0.063951 1 668.0000 603.0000 0.0000
