928 823
929 823
929 823
930 823
930 823
931 823
931 823
932 823
932 823
933 823
933 823
934 823
934 823
935 823
935 823
936 823
936 823
937 823
937 823
937 823
937 822
938 822
938 822
939 822
939 822
940 822
940 822
941 822
941 822
942 822
942 822
943 822
943 822
944 822
930 144
930 144
930 143
931 143
931 143
931 143
931 142
932 142
932 142
932 142
932 141
933 141
933 141
934 141
934 141
934 141
934 140
935 140
935 140
935 140
935 139
936 139
936 139
937 139
937 139
937 139
937 138
938 138
938 138
939 138
939 138
939 138
939 137
940 137
940 137
940 137
940 136
941 136
941 136
941 136
941 135
942 135
942 135
942 135
930 144
930 144
929 144
929 145
929 145
929 145
928 145
928 146
928 146
928 146
927 146
927 147
927 147
927 147
926 147
926 147
925 147
925 148
925 148
925 148
924 148
924 149
924 149
924 149
923 149
923 150
923 150
923 150
922 150
922 150
921 150
921 151
921 151
921 151
920 151
920 151
919 151
919 151
918 151
918 152
918 152
918 152
917 152
917 152
916 152
916 153
916 153
916 153
915 153
915 153
914 153
914 154
914 154
914 154
680 398
681 398
681 398
681 399
681 399
681 400
681 400
682 400
682 400
682 401
682 401
682 402
682 402
683 402
683 402
683 403
683 403
683 404
683 404
684 404
684 404
684 405
684 405
684 406
684 406
685 406
685 406
685 407
685 407
685 408
685 408
686 408
686 408
686 409
686 409
687 409
687 409
687 410
687 410
688 410
688 410
688 411
688 411
689 411
689 411
689 412
689 412
689 413
689 413
690 413
690 413
690 414
690 414
690 415
699 435
699 435
699 434
699 434
699 433
699 433
698 433
698 433
698 432
698 432
698 431
698 431
697 431
697 431
697 430
697 430
697 429
697 429
697 428
697 428
696 428
696 428
696 427
696 427
696 426
696 426
695 426
695 426
695 425
695 425
695 424
695 424
695 423
695 423
694 423
694 423
694 422
694 422
694 421
694 421
693 421
693 421
693 420
693 420
693 419
693 419
692 419
692 419
692 418
692 418
692 417
692 417
691 417
691 417
691 416
691 416
691 415
691 415
690 415
690 415
680 398
680 398
680 397
680 397
680 396
680 396
679 396
679 396
679 395
679 395
678 395
678 395
678 394
678 394
678 393
678 393
677 393
677 393
677 392
677 392
677 391
677 391
676 391
676 391
676 390
676 390
675 390
675 390
675 389
675 389
675 388
675 388
674 388
674 388
1062 967
1062 967
1061 967
1061 967
1061 966
1061 966
1060 966
1060 966
1060 965
1060 965
1059 965
1059 965
1058 965
1058 965
1058 964
1058 964
1057 964
1057 964
1057 963
1057 963
1056 963
1056 963
1056 962
1056 962
1055 962
1055 962
1054 962
1054 962
1054 961
1054 961
1053 961
1053 961
1052 961
1052 961
1051 961
1051 961
1051 960
1051 960
1050 960
1050 960
1049 960
1049 960
1048 960
1048 960
1047 960
1047 960
1046 960
1046 960
1045 960
1045 960
1044 960
1044 960
1043 960
1043 960
1042 960
1042 960
1041 960
1041 960
1040 960
1040 960
1039 960
1039 960
1039 959
1039 959
1038 959
1038 959
712 463
712 464
712 464
713 464
713 464
713 465
713 465
714 465
714 465
714 466
714 466
715 466
715 466
715 467
715 467
715 468
715 468
716 468
716 468
716 469
716 469
716 470
716 470
717 470
717 470
717 471
717 471
718 471
718 471
718 472
718 472
719 472
719 472
719 473
719 473
720 473
720 473
720 474
852 604
852 605
852 605
852 605
851 605
851 605
850 605
850 606
850 606
850 606
849 606
849 606
848 606
848 607
848 607
848 607
847 607
847 608
847 608
847 609
847 609
847 609
846 609
846 610
846 610
846 611
846 611
846 611
845 611
845 612
845 612
845 612
844 612
844 613
844 613
844 614
844 614
844 614
843 614
843 615
843 615
843 616
843 616
843 616
842 616
842 617
842 617
842 617
841 617
841 618
841 618
841 618
840 618
840 618
839 618
839 619
839 619
839 619
838 619
838 620
838 620
838 621
838 621
838 621
837 621
837 622
1031 813
1031 813
1030 813
1030 814
1030 814
1030 814
1029 814
1029 814
1028 814
1028 815
1028 815
1028 815
1027 815
1027 815
1026 815
1026 815
1025 815
1025 815
1024 815
1024 815
1023 815
1023 815
1022 815
1022 815
1021 815
1021 815
1020 815
1020 815
1019 815
1019 815
1018 815
1018 815
1017 815
1017 816
1017 816
1017 816
1016 816
1016 816
1015 816
1015 816
1014 816
1014 816
1013 816
1013 816
367 960
367 960
366 960
366 960
366 959
366 959
365 959
365 959
365 958
365 958
364 958
364 958
364 957
364 957
363 957
363 957
363 956
363 956
362 956
362 956
362 955
362 955
361 955
361 955
361 954
361 954
360 954
360 954
360 953
360 953
360 952
360 952
359 952
359 952
359 951
359 951
359 950
359 950
359 949
359 949
358 949
358 949
358 948
358 948
358 947
358 947
357 947
357 947
357 946
357 946
838 941
839 941
839 941
839 942
839 942
840 942
840 942
840 943
840 943
841 943
841 943
842 943
842 943
842 944
842 944
843 944
843 944
843 945
843 945
844 945
844 945
844 946
844 946
845 946
845 946
846 946
846 946
846 947
846 947
847 947
847 947
847 948
847 948
848 948
848 948
848 949
848 949
849 949
849 949
850 949
850 949
850 950
850 950
851 950
851 950
851 951
851 951
852 951
852 951
853 951
853 951
853 952
853 952
854 952
854 952
854 953
854 953
855 953
855 953
855 954
855 954
856 954
856 954
856 955
856 955
857 955
857 955
857 956
857 956
858 956
858 956
858 957
1249 181
1249 182
1249 182
1250 182
1250 182
1251 182
1251 182
1252 182
1252 182
1252 183
1252 183
1253 183
1253 183
1254 183
1254 183
1254 184
1254 184
1255 184
1255 184
1256 184
1256 184
1257 184
1257 184
1258 184
1258 184
1258 185
1258 185
1259 185
1259 185
1260 185
1260 185
1261 185
1261 185
1261 186
1261 186
1262 186
1262 186
1263 186
1263 186
1263 187
1263 187
1264 187
1264 187
1265 187
1265 187
1266 187
1266 187
1267 187
1267 187
1267 188
1267 188
1268 188
1268 188
1269 188
1269 188
1270 188
1270 188
1270 189
1270 189
1271 189
1271 189
1272 189
1272 189
1273 189
1273 189
1273 190
1273 190
1274 190
1274 190
1275 190
1275 190
1276 190
1276 190
1276 191
1276 191
1277 191
1277 191
1278 191
1278 191
1278 192
1278 192
1279 192
1279 192
1280 192
947 821
948 821
948 821
949 821
949 821
950 821
950 821
951 821
951 821
951 821
951 820
952 820
952 820
953 820
953 820
954 820
954 820
955 820
955 820
956 820
956 820
957 820
957 820
958 820
958 820
959 820
959 820
960 820
960 820
961 820
961 820
961 820
961 819
962 819
962 819
963 819
732 492
732 492
732 491
732 491
731 491
731 491
731 490
731 490
731 489
731 489
730 489
730 489
730 488
730 488
730 487
730 487
729 487
729 487
729 486
729 486
728 486
728 486
728 485
728 485
727 485
727 485
727 484
727 484
726 484
726 484
726 483
726 483
726 482
726 482
725 482
725 482
725 481
725 481
725 480
725 480
724 480
724 480
724 479
724 479
724 478
724 478
724 477
724 477
723 477
723 477
723 476
723 476
722 476
722 476
722 475
722 475
721 475
721 475
721 474
721 474
720 474
720 474
660 368
660 369
660 369
661 369
661 369
661 370
661 370
662 370
662 370
663 370
663 370
663 371
663 371
664 371
664 371
664 372
664 372
664 373
664 373
665 373
665 373
665 374
665 374
666 374
666 374
666 375
666 375
667 375
667 375
667 376
667 376
667 377
667 377
668 377
668 377
668 378
668 378
669 378
669 378
669 379
669 379
669 380
669 380
669 381
669 381
670 381
670 381
670 382
670 382
670 383
670 383
671 383
671 383
671 384
671 384
671 385
671 385
672 385
672 385
672 386
672 386
673 386
673 386
673 387
673 387
674 387
674 387
674 388
1308 206
1308 206
1308 205
1308 205
1307 205
1307 205
1306 205
1306 205
1306 204
1306 204
1305 204
1305 204
1304 204
1304 204
1304 203
1304 203
1303 203
1303 203
1303 202
1303 202
1302 202
1302 202
1302 201
1302 201
1301 201
1301 201
1300 201
1300 201
1299 201
1299 201
1299 200
1299 200
1298 200
1298 200
1297 200
1297 200
1297 199
1297 199
1296 199
1296 199
1295 199
1295 199
1294 199
1294 199
1294 198
1294 198
1293 198
1293 198
1292 198
1292 198
1291 198
1291 198
1291 197
1291 197
1290 197
1290 197
1289 197
1289 197
1288 197
1288 197
1288 196
1288 196
1287 196
1287 196
1286 196
1286 196
1286 195
1286 195
1285 195
1285 195
1284 195
1284 195
1284 194
1284 194
1283 194
1283 194
1282 194
1282 194
1282 193
1282 193
1281 193
1281 193
1280 193
1280 193
1280 192
1280 192
392 961
393 961
393 961
394 961
394 961
395 961
395 961
396 961
396 961
396 962
396 962
397 962
397 962
398 962
398 962
399 962
399 962
399 963
399 963
400 963
400 963
400 964
400 964
401 964
401 964
402 964
402 964
402 965
402 965
403 965
403 965
404 965
404 965
404 966
404 966
405 966
405 966
405 967
405 967
405 968
405 968
406 968
406 968
406 969
406 969
407 969
407 969
407 970
407 970
407 971
407 971
408 971
408 971
408 972
408 972
408 973
408 973
409 973
409 973
409 974
409 974
409 975
409 975
410 975
410 975
410 976
410 976
411 976
411 976
411 977
411 977
412 977
412 977
412 978
412 978
412 979
412 979
413 979
413 979
413 980
392 961
392 961
391 961
391 961
390 961
390 962
390 962
390 962
389 962
389 963
389 963
389 963
388 963
388 963
387 963
387 964
387 964
387 964
386 964
386 964
385 964
385 964
384 964
384 965
384 965
384 965
383 965
383 965
382 965
382 965
381 965
381 966
381 966
381 966
380 966
380 966
379 966
379 966
378 966
378 966
377 966
377 967
377 967
377 967
376 967
376 967
375 967
375 967
374 967
374 967
373 967
373 967
373 966
373 966
372 966
372 966
372 965
372 965
371 965
371 965
884 824
885 824
885 824
886 824
886 824
887 824
887 824
888 824
888 824
889 824
889 824
890 824
890 824
891 824
891 824
892 824
892 824
893 824
893 824
893 824
893 823
894 823
894 823
894 823
894 822
895 822
895 822
896 822
896 822
897 822
897 822
898 822
898 822
899 822
899 822
900 822
900 822
901 822
901 822
902 822
902 822
903 822
903 822
903 822
903 821
904 821
904 821
905 821
905 821
906 821
906 821
907 821
907 821
908 821
908 821
908 822
908 822
909 822
909 822
910 822
910 822
910 822
910 821
911 821
911 821
912 821
811 652
811 652
811 651
812 651
812 651
813 651
813 651
813 651
813 650
814 650
814 650
814 650
814 649
815 649
815 649
815 649
815 648
816 648
816 648
816 648
816 647
817 647
817 647
817 647
817 646
818 646
818 646
818 646
818 645
819 645
819 645
820 645
820 645
820 645
820 644
820 644
820 643
821 643
821 643
821 643
821 642
822 642
822 642
822 642
822 641
822 641
822 640
823 640
823 640
823 640
823 639
823 639
823 638
823 638
823 637
824 637
824 637
824 637
824 636
824 636
824 635
825 635
825 635
825 635
825 634
825 634
825 633
826 633
826 633
826 633
826 632
827 632
827 632
827 632
827 631
827 631
827 630
828 630
828 630
828 630
828 629
829 629
829 629
829 629
829 628
830 628
830 628
830 628
830 627
831 627
831 627
832 627
832 627
832 627
832 626
833 626
833 626
834 626
834 626
834 626
834 625
835 625
835 625
835 625
835 624
836 624
836 624
836 624
836 623
836 623
836 622
837 622
837 622
837 622
1229 790
1230 790
1230 790
1231 790
1231 790
1232 790
1232 790
1232 791
1232 791
1233 791
1233 791
1234 791
1234 791
1235 791
1235 791
1235 792
1235 792
1236 792
1236 792
1237 792
1237 792
1238 792
1238 792
1239 792
1239 792
1240 792
1240 792
1240 792
1240 791
1241 791
1241 791
1242 791
1242 791
1243 791
1243 791
1243 791
1243 790
1244 790
1244 790
1245 790
1245 790
1246 790
1246 790
1246 790
1246 789
1247 789
1247 789
1248 789
1248 789
1248 789
1248 788
1249 788
1249 788
1250 788
1250 788
1250 788
1250 787
1251 787
1251 787
1252 787
1252 787
1252 787
1252 786
1253 786
1253 786
1254 786
1254 786
1254 786
1254 785
1255 785
1255 785
1256 785
1256 785
1256 785
1256 784
1256 784
1256 783
1256 783
1256 782
1256 782
1256 781
1256 781
1255 781
1255 781
1229 790
1229 790
1228 790
1228 790
1227 790
1227 790
1226 790
1226 790
1225 790
1225 790
1224 790
1224 790
1223 790
1223 790
1222 790
1222 790
1221 790
1221 791
1221 791
1221 791
1220 791
1220 791
1219 791
1219 791
1218 791
1218 792
1218 792
1218 792
1217 792
1217 792
1216 792
1216 793
1216 793
1216 793
1215 793
1215 793
1214 793
1214 794
1214 794
1214 794
1213 794
1213 794
1212 794
1212 794
1211 794
1211 795
1211 795
1211 795
1210 795
1210 795
1209 795
1209 795
1208 795
1208 795
1207 795
1207 795
1206 795
1206 795
1205 795
1205 795
1204 795
1204 796
1204 796
1204 796
1203 796
1203 796
1202 796
1202 796
1201 796
1201 796
1200 796
1200 797
1200 797
1200 797
1199 797
1199 797
1198 797
1198 798
1198 798
1198 798
1197 798
1197 798
1196 798
1196 799
1196 799
1196 799
1195 799
1195 799
1194 799
1194 799
1193 799
1193 799
1192 799
1192 800
1192 800
1192 800
924 927
924 928
924 928
925 928
925 928
926 928
926 928
926 929
926 929
927 929
927 929
928 929
928 929
929 929
929 929
930 929
930 929
930 930
930 930
931 930
931 930
932 930
932 930
932 931
932 931
933 931
933 931
934 931
934 931
934 932
934 932
935 932
935 932
935 933
935 933
936 933
936 933
937 933
937 933
937 934
937 934
938 934
938 934
939 934
939 934
939 935
939 935
940 935
940 935
941 935
941 935
942 935
942 935
942 936
942 936
943 936
943 936
944 936
944 936
945 936
945 936
946 936
946 936
946 937
946 937
947 937
947 937
948 937
948 937
949 937
949 937
950 937
950 937
951 937
951 937
951 938
951 938
952 938
952 938
953 938
953 938
953 939
953 939
954 939
954 939
955 939
955 939
955 940
955 940
956 940
956 940
957 940
957 940
958 940
958 940
959 940
959 940
959 941
959 941
960 941
960 941
961 941
961 941
962 941
962 941
963 941
963 941
964 941
991 814
992 814
992 814
993 814
993 814
994 814
994 814
995 814
995 814
995 815
995 815
996 815
996 815
997 815
997 815
997 816
997 816
998 816
998 816
999 816
999 816
1000 816
1000 816
1001 816
1001 816
1002 816
1002 816
1003 816
1003 816
1004 816
1004 816
1005 816
1005 816
1006 816
1006 816
1007 816
1007 816
1008 816
1008 816
1009 816
1009 816
1010 816
1010 816
1011 816
1011 816
1012 816
1012 816
1013 816
250 695
251 695
251 695
252 695
252 695
252 696
252 696
253 696
253 696
254 696
254 696
254 697
254 697
255 697
255 697
255 698
255 698
256 698
256 698
257 698
257 698
258 698
258 698
258 699
258 699
259 699
259 699
260 699
260 699
260 700
260 700
261 700
261 700
262 700
262 700
263 700
263 700
263 701
263 701
264 701
264 701
265 701
265 701
266 701
266 701
266 702
266 702
267 702
267 702
268 702
268 702
268 703
268 703
269 703
269 703
269 704
269 704
269 705
269 705
270 705
270 705
270 706
270 706
270 707
270 707
270 708
826 934
826 934
825 934
825 934
825 933
825 933
824 933
824 933
824 932
824 932
823 932
823 932
823 931
823 931
822 931
822 931
822 930
822 930
821 930
821 930
821 929
821 929
821 928
821 928
820 928
820 928
819 928
819 928
819 927
819 927
818 927
818 927
818 926
818 926
817 926
817 926
816 926
816 926
816 925
816 925
815 925
815 925
814 925
814 925
814 924
814 924
813 924
813 924
812 924
812 924
812 923
812 923
811 923
811 923
810 923
810 923
809 923
809 923
809 922
809 922
808 922
808 922
807 922
807 922
807 921
807 921
806 921
806 921
805 921
805 921
804 921
804 921
803 921
803 921
803 920
803 920
802 920
802 920
801 920
801 920
800 920
800 920
800 919
800 919
799 919
799 919
798 919
798 919
798 918
798 918
797 918
797 918
796 918
796 918
796 917
796 917
795 917
795 917
794 917
794 917
794 916
794 916
793 916
793 916
792 916
792 916
792 915
792 915
791 915
791 915
791 914
791 914
790 914
790 914
790 913
790 913
789 913
789 913
789 912
789 912
788 912
788 912
787 912
787 912
787 911
787 911
786 911
786 911
786 910
786 910
