1231 151
1231 151
1230 151
1230 151
1230 150
1230 150
1230 149
1230 149
1230 148
1230 148
1230 147
1230 147
1230 146
1230 146
1230 145
1230 145
1230 144
1230 144
1229 144
1229 144
1229 143
1229 143
1228 143
1228 143
1227 143
1227 143
1226 143
1226 143
1225 143
1225 143
1224 143
1224 143
1223 143
1223 143
1222 143
1222 143
1221 143
1221 143
1220 143
1220 143
1219 143
1219 143
1218 143
1218 143
1217 143
1217 143
1216 143
1216 143
1216 142
1216 142
1215 142
1215 142
1215 141
1215 141
1215 140
1215 140
1214 140
1214 140
1213 140
1213 140
1212 140
1212 140
1212 139
1212 139
1212 139
1213 139
1213 138
1213 138
1213 137
1213 137
1213 136
1213 136
1212 136
1212 136
1212 135
1212 135
1211 135
1211 135
1211 134
1211 134
1210 134
1210 134
1210 133
1210 133
1210 132
1210 132
1209 132
1209 132
1209 131
1209 131
1209 131
1210 131
1210 130
1210 130
1210 129
1210 129
1210 129
1211 129
1211 128
1211 128
1211 127
1211 127
1211 126
1211 126
1211 125
1211 125
1211 124
1211 124
1211 123
1211 123
1211 122
1211 122
1211 121
1211 121
1211 120
1211 120
1211 119
1211 119
1211 118
1211 118
1211 117
1211 117
1211 116
1211 116
1211 115
1211 115
1211 114
1211 114
1211 113
1211 113
1211 112
1211 112
1211 111
1211 111
1211 110
1211 110
1211 110
1212 110
1212 109
1212 109
1212 109
1213 109
1213 109
1214 109
1214 109
1215 109
1215 109
1216 109
1216 109
1217 109
1217 109
1218 109
1218 109
1219 109
1219 108
1219 108
1219 107
1219 107
1219 107
1220 107
1220 106
1220 106
1220 106
1221 106
1221 105
1221 105
1221 104
1221 104
1221 103
1221 103
1221 102
1221 102
1221 101
1221 101
1221 100
1221 100
1221 99
1221 99
1221 98
1221 98
1221 97
1221 97
1220 97
1220 97
1220 96
1220 96
1219 96
1219 96
1219 95
1219 95
1218 95
1218 95
1218 94
1218 94
1217 94
1217 94
1217 93
1217 93
1217 92
1217 92
1217 91
1217 91
1217 90
1217 90
1217 89
1217 89
1217 89
1218 89
1218 88
1218 88
1218 87
1218 87
1218 87
1219 87
1219 87
1220 87
1220 87
1221 87
1221 87
1222 87
1222 87
1223 87
1223 87
1224 87
1224 87
1225 87
1225 87
1226 87
1226 86
1226 86
1226 85
1226 85
1226 84
1226 84
1226 83
1226 83
1226 82
1226 82
1225 82
1225 82
1225 81
1225 81
1224 81
1224 81
1224 80
1224 80
1224 79
1224 79
1224 78
1224 78
1224 77
1224 77
1224 76
1224 76
1224 76
1225 76
1225 75
1225 75
1225 75
1226 75
1226 74
1226 74
1226 73
1226 73
1225 73
1225 73
1224 73
1224 73
1224 72
1224 72
1223 72
1223 72
1222 72
1222 72
1221 72
1221 72
1221 71
1221 71
1220 71
1220 71
1220 70
1220 70
1219 70
1219 70
1219 69
1219 69
1218 69
1218 69
1218 68
1218 68
1218 67
1218 67
1218 67
1219 67
1219 66
1219 66
1219 66
1220 66
1220 65
1220 65
1220 65
1221 65
1221 65
1222 65
1222 64
1222 64
1222 64
1223 64
1223 63
1223 63
1223 63
1224 63
1224 62
1224 62
1224 62
1225 62
1225 61
1225 61
1225 61
1226 61
1226 61
1227 61
1227 61
1228 61
1228 60
1228 60
1228 60
1229 60
1229 60
1230 60
1230 60
1231 60
1231 59
1231 59
1231 59
1232 59
1232 58
1232 58
1232 57
1232 57
1232 56
1232 56
1232 55
1232 55
1231 55
1231 55
1231 54
1231 54
1230 54
1230 54
1230 53
1230 53
1229 53
1229 53
1229 52
1229 52
1229 52
1230 52
1230 51
1230 51
1230 50
1230 50
1230 49
1230 49
1230 48
1230 48
1230 47
1230 47
1230 46
1230 46
1230 45
1230 45
1230 44
1230 44
1230 43
1230 43
1230 42
1230 42
1230 41
1230 41
1230 40
1230 40
1230 39
1230 39
1230 38
1230 38
1230 37
1230 37
1230 36
1230 36
1229 36
1229 36
1228 36
1228 36
1227 36
1227 36
1226 36
1226 36
1225 36
1225 36
1224 36
1224 36
1223 36
1223 36
1222 36
1222 36
1221 36
1221 36
1220 36
1220 36
1219 36
1219 36
1218 36
1218 36
1217 36
1217 36
1216 36
1216 36
1215 36
1215 36
1214 36
1214 36
1213 36
1213 36
1212 36
1212 36
1211 36
1211 36
1210 36
1210 36
1209 36
1209 36
1208 36
1208 36
1207 36
1207 36
1206 36
1206 36
1205 36
1205 36
1204 36
1204 36
1203 36
1203 36
1202 36
1202 36
1201 36
1201 36
1200 36
1200 36
1199 36
1199 36
1198 36
1198 36
1197 36
1197 36
1196 36
1196 36
1195 36
1195 36
1194 36
1194 36
1193 36
1193 36
1192 36
1192 36
1191 36
1191 36
1190 36
1190 36
1189 36
1189 36
1188 36
1188 36
1187 36
1187 36
1186 36
1186 36
1185 36
1185 36
1184 36
1184 36
1183 36
1183 36
1182 36
1182 36
1181 36
1181 36
1180 36
1180 36
1179 36
1179 36
1178 36
1178 36
1177 36
1177 36
1176 36
1176 36
1175 36
1175 36
1174 36
1174 36
1173 36
1173 36
1172 36
1172 36
1171 36
1171 36
1170 36
1170 36
1169 36
1169 36
1168 36
1168 36
1167 36
1167 36
1166 36
1166 36
1165 36
1165 36
1164 36
1164 36
1163 36
1163 36
1162 36
1162 36
1161 36
1161 36
1160 36
1160 36
1159 36
1159 36
1158 36
1158 36
1157 36
1157 36
1156 36
1156 36
1155 36
1155 36
1154 36
1154 36
1153 36
1153 36
1152 36
1152 36
1151 36
1151 36
1150 36
1150 36
1149 36
1149 36
1148 36
1148 36
1147 36
1147 36
1146 36
1146 36
1145 36
1145 36
1144 36
1144 36
1143 36
1143 36
1142 36
1142 36
1141 36
1141 36
1140 36
1140 36
1139 36
1139 36
1138 36
1138 36
1137 36
1137 36
1136 36
1136 36
1135 36
1135 36
1134 36
1134 36
1133 36
1133 36
1132 36
1132 36
1131 36
1131 36
1130 36
1130 36
1129 36
1129 36
1128 36
1128 36
1127 36
1127 36
1126 36
1126 36
1125 36
1125 36
1124 36
1124 36
1123 36
1123 36
1122 36
1122 36
1121 36
1121 36
1120 36
1120 36
1119 36
1119 36
1118 36
1118 36
1117 36
1117 36
1116 36
1116 36
1115 36
1115 36
1114 36
1114 36
1113 36
1113 36
1112 36
1112 36
1111 36
1111 36
1110 36
1110 36
1109 36
1109 36
1108 36
1108 36
1107 36
1107 36
1106 36
1106 36
1105 36
1105 36
1104 36
1104 36
1103 36
1103 36
1102 36
1102 36
1101 36
1101 36
1100 36
1100 36
1099 36
1099 36
1098 36
1098 36
1097 36
1097 36
1096 36
1096 36
1095 36
1095 36
1094 36
1094 36
1093 36
1093 36
1092 36
1092 36
1091 36
1091 36
1090 36
1090 36
1089 36
1089 36
1088 36
1088 36
1087 36
1087 36
1086 36
1086 36
1085 36
1085 36
1084 36
1084 36
1083 36
1083 36
1082 36
1082 36
1081 36
1081 36
1080 36
1080 36
1079 36
1079 36
1078 36
1078 36
1077 36
1077 36
1076 36
1076 36
1075 36
1075 36
1074 36
1074 36
1073 36
1073 36
1072 36
1072 36
1071 36
1071 36
1070 36
1070 36
1069 36
1069 36
1068 36
1068 36
1067 36
1067 36
1066 36
1066 36
1065 36
1065 36
1064 36
1064 36
1063 36
1063 36
1062 36
1062 36
1061 36
1061 36
1060 36
1060 36
1059 36
1059 36
1058 36
1058 36
1057 36
1057 36
1056 36
1056 36
1055 36
1055 36
1054 36
1054 36
1053 36
1053 36
1052 36
1052 36
1051 36
1051 36
1050 36
1050 36
1049 36
1049 36
1048 36
1048 36
1047 36
1047 36
1046 36
1046 36
1046 35
1046 35
1046 34
1046 34
1046 33
1046 33
1046 32
1046 32
1046 31
1046 31
1046 30
1046 30
1046 29
1046 29
1046 28
1046 28
1046 27
1046 27
1046 26
1046 26
1046 25
1046 25
1046 24
1046 24
1046 23
1046 23
1046 22
1046 22
1046 21
1046 21
1046 20
1046 20
1046 19
1046 19
1046 18
1046 18
1046 17
1046 17
1046 16
1046 16
1046 15
1046 15
1046 14
1046 14
1045 14
1045 14
1044 14
1044 14
1043 14
1043 14
1042 14
1042 14
1041 14
1041 14
1040 14
1040 14
1039 14
1039 14
1038 14
1038 14
1037 14
1037 14
1036 14
1036 14
1035 14
1035 14
1034 14
1034 14
1033 14
1033 14
1032 14
1032 14
1031 14
1031 14
1030 14
1030 14
1029 14
1029 14
1028 14
1028 14
1027 14
1027 14
1026 14
1026 14
1025 14
1025 14
1024 14
1024 14
1023 14
1023 14
1022 14
1022 14
1021 14
1021 14
1020 14
1020 14
1019 14
1019 14
1018 14
1018 14
1017 14
1017 14
1016 14
1016 14
1015 14
1015 14
1014 14
1014 14
1013 14
1013 14
1012 14
1012 14
1011 14
1011 14
1010 14
1010 14
1009 14
1009 14
1008 14
1008 14
1007 14
1007 14
1006 14
1006 14
1005 14
1005 14
1004 14
1004 14
1003 14
1003 14
1002 14
1002 14
1001 14
1001 14
1000 14
1000 14
999 14
999 14
998 14
998 14
997 14
997 14
996 14
996 14
995 14
995 14
994 14
994 14
993 14
993 14
992 14
992 14
991 14
991 14
990 14
990 14
989 14
989 14
988 14
988 14
987 14
987 14
986 14
986 14
985 14
985 14
984 14
984 14
983 14
983 14
982 14
982 14
981 14
981 14
980 14
980 14
979 14
979 14
978 14
978 14
977 14
977 14
976 14
976 14
975 14
975 14
974 14
974 14
973 14
973 14
972 14
972 14
971 14
971 14
970 14
970 14
969 14
969 14
968 14
968 14
967 14
967 14
966 14
966 14
965 14
965 14
964 14
964 14
963 14
963 14
962 14
962 14
961 14
961 14
960 14
960 14
959 14
959 14
958 14
958 14
957 14
957 14
956 14
956 14
955 14
955 14
954 14
954 14
953 14
953 14
952 14
952 14
951 14
951 14
950 14
950 14
949 14
949 14
948 14
948 14
947 14
947 14
946 14
946 14
945 14
945 14
944 14
944 14
943 14
943 14
942 14
942 14
941 14
941 14
940 14
940 14
939 14
939 14
938 14
938 14
937 14
937 14
936 14
936 14
935 14
935 14
934 14
934 14
933 14
933 14
932 14
932 14
931 14
931 14
930 14
930 14
929 14
929 14
928 14
928 14
927 14
927 14
926 14
926 14
925 14
925 14
924 14
924 14
923 14
923 14
922 14
922 14
921 14
921 14
920 14
920 14
919 14
919 14
918 14
918 14
917 14
917 14
916 14
916 14
915 14
915 14
914 14
914 14
913 14
913 14
912 14
912 14
911 14
911 14
910 14
910 14
909 14
909 14
908 14
908 14
907 14
907 14
906 14
906 14
905 14
905 14
904 14
904 14
903 14
903 14
902 14
902 14
901 14
901 14
900 14
900 14
899 14
899 14
898 14
898 14
897 14
897 14
896 14
896 14
895 14
895 14
894 14
894 14
893 14
893 14
892 14
892 14
891 14
891 14
890 14
890 14
889 14
889 14
888 14
888 14
887 14
887 14
886 14
886 14
885 14
885 14
884 14
884 14
883 14
883 14
882 14
882 14
881 14
881 14
880 14
880 14
879 14
879 14
878 14
878 14
877 14
877 14
876 14
876 14
875 14
875 14
874 14
874 14
873 14
873 14
872 14
872 14
871 14
871 14
870 14
870 14
869 14
869 14
868 14
868 14
867 14
867 14
866 14
866 14
865 14
865 14
864 14
864 14
863 14
863 14
862 14
862 14
861 14
861 14
860 14
860 14
859 14
859 14
858 14
858 14
857 14
857 14
856 14
856 14
855 14
855 14
854 14
854 14
853 14
853 14
852 14
852 14
851 14
851 14
850 14
850 14
849 14
849 14
848 14
848 14
847 14
847 14
846 14
846 14
845 14
845 14
844 14
844 14
843 14
843 14
842 14
842 14
841 14
841 14
840 14
840 14
839 14
839 14
838 14
838 14
837 14
837 14
836 14
836 14
835 14
835 14
834 14
834 14
833 14
833 14
832 14
832 14
831 14
831 14
830 14
830 14
829 14
829 14
828 14
828 14
827 14
827 14
826 14
826 14
825 14
825 14
824 14
824 14
823 14
823 14
822 14
822 14
821 14
821 14
820 14
820 14
819 14
819 14
818 14
818 14
817 14
817 14
816 14
816 14
815 14
815 14
814 14
814 14
813 14
813 14
812 14
812 14
811 14
811 14
810 14
810 14
809 14
809 14
808 14
808 14
807 14
807 14
806 14
806 14
805 14
805 14
804 14
804 14
803 14
803 14
802 14
802 14
801 14
801 14
800 14
800 14
799 14
799 14
798 14
798 14
797 14
797 14
796 14
796 14
795 14
795 14
794 14
794 14
793 14
793 14
792 14
792 14
791 14
791 14
790 14
790 14
789 14
789 14
788 14
788 14
787 14
787 14
786 14
786 14
785 14
785 14
784 14
784 14
783 14
783 14
782 14
782 14
781 14
781 14
780 14
780 14
779 14
779 14
778 14
778 14
777 14
777 14
776 14
776 14
775 14
775 14
774 14
774 14
773 14
773 14
772 14
772 14
771 14
771 14
770 14
770 14
769 14
769 14
768 14
768 14
767 14
767 14
766 14
766 14
765 14
765 14
764 14
764 14
763 14
763 14
762 14
762 14
761 14
761 14
760 14
760 14
759 14
759 14
758 14
758 14
757 14
757 14
756 14
756 14
755 14
755 14
754 14
754 14
753 14
753 14
752 14
752 14
751 14
751 14
750 14
750 14
749 14
749 14
748 14
748 14
747 14
747 14
746 14
746 14
745 14
745 14
744 14
744 14
743 14
743 14
742 14
742 14
741 14
741 14
740 14
740 14
739 14
739 14
738 14
738 14
737 14
737 14
736 14
736 14
735 14
735 14
734 14
734 14
733 14
733 14
732 14
732 14
731 14
731 14
730 14
730 14
729 14
729 14
728 14
728 14
727 14
727 14
726 14
726 14
725 14
725 14
724 14
724 14
723 14
723 14
722 14
722 14
721 14
721 14
720 14
720 14
719 14
719 14
718 14
718 14
717 14
717 14
716 14
716 14
715 14
715 14
714 14
714 14
713 14
713 14
712 14
712 14
711 14
711 14
710 14
710 14
709 14
709 14
708 14
708 14
707 14
707 14
706 14
706 14
705 14
705 14
704 14
704 14
703 14
703 14
702 14
702 14
701 14
701 14
700 14
700 14
699 14
699 14
698 14
698 14
697 14
697 14
696 14
696 14
695 14
695 14
694 14
694 14
693 14
693 14
692 14
692 14
691 14
691 14
690 14
690 14
689 14
689 14
688 14
688 14
687 14
687 14
686 14
686 14
685 14
685 14
684 14
684 14
683 14
683 14
682 14
682 14
681 14
681 14
680 14
680 14
679 14
679 14
678 14
678 14
677 14
677 14
676 14
676 14
675 14
675 14
674 14
674 14
673 14
673 14
672 14
672 14
671 14
671 14
670 14
670 14
669 14
669 14
668 14
668 14
667 14
667 14
666 14
666 14
665 14
665 14
664 14
664 14
663 14
663 14
662 14
662 14
661 14
661 14
660 14
660 14
659 14
659 14
658 14
658 14
657 14
657 14
656 14
656 14
655 14
655 14
654 14
654 14
653 14
653 14
652 14
652 14
651 14
651 14
650 14
650 14
649 14
649 14
648 14
648 14
647 14
647 14
646 14
646 14
645 14
645 14
644 14
644 14
643 14
643 14
642 14
642 14
641 14
641 14
640 14
640 14
639 14
639 14
638 14
638 14
637 14
637 14
636 14
636 14
635 14
635 14
634 14
634 14
633 14
633 14
632 14
632 14
631 14
631 14
630 14
630 14
629 14
629 14
628 14
628 14
627 14
627 14
626 14
626 14
625 14
625 14
624 14
624 14
623 14
623 14
622 14
622 14
621 14
621 14
620 14
620 14
619 14
619 14
618 14
618 14
617 14
617 14
616 14
616 14
615 14
615 14
614 14
614 14
613 14
613 14
612 14
612 14
611 14
611 14
610 14
610 14
609 14
609 14
608 14
608 14
607 14
607 14
606 14
606 14
605 14
605 14
604 14
604 14
603 14
603 14
602 14
602 14
601 14
601 14
600 14
600 14
599 14
599 14
598 14
598 14
597 14
597 14
596 14
596 14
595 14
595 14
594 14
594 14
593 14
593 14
593 13
593 13
593 12
593 12
593 11
593 11
593 10
593 10
593 9
593 9
593 8
593 8
593 7
593 7
593 6
593 6
593 5
593 5
593 4
593 4
593 3
593 3
593 2
593 2
593 1
593 1
593 0
593 0
773 917
774 917
774 917
775 917
775 917
775 918
775 918
776 918
776 918
776 919
776 919
777 919
777 919
777 920
777 920
778 920
778 920
779 920
779 920
780 920
780 920
781 920
781 920
782 920
782 920
783 920
783 920
784 920
784 920
785 920
785 920
785 921
785 921
786 921
786 921
786 922
786 922
787 922
787 922
788 922
788 922
788 923
788 923
789 923
789 923
789 924
789 924
790 924
790 924
791 924
791 924
792 924
792 924
793 924
793 924
793 925
793 925
794 925
794 925
794 926
794 926
794 927
794 927
795 927
795 927
795 928
795 928
796 928
796 928
796 929
796 929
796 930
796 930
796 931
796 931
796 932
796 932
796 933
796 933
796 934
796 934
797 934
797 934
797 935
797 935
797 936
797 936
797 937
797 937
797 938
797 938
797 939
797 939
797 940
797 940
797 941
797 941
797 942
796 942
796 942
796 942
796 943
795 943
795 943
795 943
795 944
795 944
795 945
795 945
795 946
795 946
795 947
795 947
795 948
795 948
795 949
795 949
796 949
796 949
796 950
796 950
796 951
796 951
797 951
797 951
797 952
796 952
796 952
796 952
796 953
795 953
795 953
795 953
795 954
795 954
795 955
794 955
794 955
794 955
794 956
794 956
794 957
794 957
794 958
794 958
794 959
794 959
794 960
794 960
794 961
794 961
794 962
794 962
794 963
794 963
794 964
794 964
795 964
795 964
795 965
794 965
794 965
794 965
794 966
794 966
794 967
794 967
794 968
794 968
794 969
794 969
794 970
794 970
794 971
794 971
794 972
794 972
794 973
793 973
793 973
792 973
792 973
792 972
792 972
791 972
791 972
790 972
790 972
789 972
789 972
788 972
788 972
787 972
787 972
786 972
786 972
785 972
785 972
784 972
784 972
783 972
783 972
782 972
782 972
782 971
782 971
781 971
781 971
781 971
781 972
780 972
780 972
779 972
779 972
779 972
779 973
778 973
778 973
778 973
778 974
777 974
777 974
777 974
777 975
777 975
777 976
776 976
776 976
776 976
776 977
776 977
776 978
775 978
775 978
775 978
775 979
775 979
775 980
775 980
775 981
775 981
775 982
775 982
775 983
775 983
775 984
775 984
775 985
775 985
775 986
775 986
775 987
775 987
775 988
775 988
775 989
775 989
775 990
775 990
775 991
775 991
775 992
775 992
775 993
775 993
775 994
775 994
775 995
775 995
775 996
774 996
774 996
774 996
774 997
773 997
773 997
773 997
773 998
772 998
772 998
771 998
771 998
770 998
770 998
769 998
769 998
768 998
768 998
767 998
767 998
766 998
766 998
765 998
765 998
764 998
764 998
764 998
764 999
763 999
763 999
762 999
762 999
761 999
761 999
760 999
760 999
759 999
759 999
759 999
759 1000
759 1000
759 1001
759 1001
759 1002
759 1002
759 1003
759 1003
759 1004
759 1004
759 1005
759 1005
759 1006
759 1006
760 1006
760 1006
761 1006
761 1006
761 1007
761 1007
762 1007
762 1007
762 1008
762 1008
763 1008
763 1008
763 1009
763 1009
764 1009
764 1009
764 1010
764 1010
765 1010
765 1010
765 1011
765 1011
765 1012
765 1012
765 1013
764 1013
764 1013
764 1013
764 1014
763 1014
763 1014
762 1014
762 1014
762 1014
762 1015
761 1015
761 1015
761 1015
761 1016
760 1016
760 1016
759 1016
759 1016
759 1016
759 1017
758 1017
758 1017
758 1017
758 1018
758 1018
758 1019
758 1019
758 1020
758 1020
759 1020
759 1020
759 1021
759 1021
760 1021
760 1021
760 1022
760 1022
761 1022
761 1022
762 1022
762 1022
762 1023
762 1023
763 1023
763 1023
764 1023
764 1023
764 1024
764 1024
765 1024
765 1024
766 1024
766 1024
767 1024
767 1024
767 1025
767 1025
767 1026
767 1026
767 1027
767 1027
767 1028
767 1028
768 1028
768 1028
768 1029
768 1029
768 1030
768 1030
768 1031
767 1031
767 1031
767 1031
767 1032
766 1032
766 1032
765 1032
765 1032
764 1032
764 1032
763 1032
763 1032
762 1032
762 1032
761 1032
761 1032
760 1032
760 1032
759 1032
759 1032
758 1032
758 1032
757 1032
757 1032
756 1032
756 1032
755 1032
755 1032
754 1032
754 1032
753 1032
753 1032
752 1032
752 1032
751 1032
751 1032
750 1032
750 1032
749 1032
749 1032
748 1032
748 1032
747 1032
747 1032
746 1032
746 1032
745 1032
745 1032
744 1032
744 1032
743 1032
743 1032
742 1032
742 1032
741 1032
741 1032
740 1032
740 1032
739 1032
739 1032
738 1032
738 1032
737 1032
737 1032
736 1032
736 1032
735 1032
735 1032
734 1032
734 1032
733 1032
733 1032
732 1032
732 1032
731 1032
731 1032
730 1032
730 1032
729 1032
729 1032
728 1032
728 1032
727 1032
727 1032
726 1032
726 1032
725 1032
725 1032
724 1032
724 1032
809 330
810 330
810 330
810 331
810 331
810 332
810 332
811 332
811 332
811 333
811 333
811 334
811 334
811 335
811 335
811 336
811 336
811 337
811 337
811 338
811 338
811 339
811 339
811 340
811 340
811 341
811 341
811 342
811 342
811 343
811 343
811 344
811 344
811 345
810 345
810 345
810 345
810 346
809 346
809 346
809 346
809 347
808 347
808 347
808 347
808 348
807 348
807 348
807 348
807 349
807 349
807 350
806 350
806 350
806 350
806 351
805 351
805 351
805 351
805 352
805 352
805 353
804 353
804 353
804 353
804 354
804 354
804 355
804 355
804 356
804 356
804 357
804 357
804 358
803 358
803 358
803 357
803 357
802 357
802 357
801 357
801 357
800 357
800 357
799 357
799 357
798 357
798 357
798 356
798 356
797 356
797 356
797 355
797 355
796 355
796 355
796 354
796 354
795 354
795 354
795 353
795 353
795 352
795 352
794 352
794 352
794 352
794 353
794 353
794 354
793 354
793 354
793 354
793 355
792 355
792 355
792 355
792 356
792 356
792 357
792 357
792 358
791 358
791 358
791 358
791 359
790 359
790 359
790 359
790 360
790 360
790 361
789 361
789 361
789 361
789 362
789 362
789 363
789 363
789 364
788 364
788 364
788 363
788 363
788 362
788 362
787 362
787 362
787 361
787 361
786 361
786 361
785 361
785 361
785 360
785 360
784 360
784 360
783 360
783 360
782 360
782 360
781 360
781 360
780 360
780 360
779 360
779 360
778 360
778 360
777 360
777 360
777 360
777 361
777 361
777 362
776 362
776 362
776 361
776 361
775 361
775 361
775 360
775 360
775 359
775 359
774 359
774 359
773 359
773 359
773 358
773 358
773 357
773 357
773 356
773 356
772 356
772 356
772 356
772 357
772 357
772 358
772 358
772 359
772 359
772 360
771 360
771 360
771 360
771 361
771 361
771 362
770 362
770 362
770 362
770 363
769 363
769 363
768 363
768 363
767 363
767 363
766 363
766 363
765 363
765 363
764 363
764 363
763 363
763 363
762 363
762 363
761 363
761 363
760 363
760 363
760 363
760 364
759 364
759 364
759 363
759 363
758 363
758 363
758 362
758 362
758 361
758 361
758 360
758 360
757 360
757 360
756 360
756 360
755 360
755 360
754 360
754 360
753 360
753 360
752 360
752 360
752 359
752 359
752 358
752 358
751 358
751 358
750 358
750 358
749 358
749 358
748 358
748 358
747 358
747 358
746 358
746 358
746 358
746 359
746 359
746 360
746 360
746 361
745 361
745 361
745 361
745 362
745 362
745 363
745 363
745 364
745 364
745 365
744 365
744 365
744 365
744 366
744 366
744 367
744 367
744 368
744 368
744 369
744 369
744 370
744 370
744 371
744 371
744 372
744 372
744 373
743 373
743 373
742 373
742 373
741 373
741 373
740 373
740 373
739 373
739 373
739 373
739 374
738 374
738 374
737 374
737 374
737 374
737 375
736 375
736 375
736 375
736 376
736 376
736 377
736 377
736 378
736 378
737 378
737 378
737 379
737 379
737 380
737 380
737 381
737 381
738 381
738 381
738 382
738 382
739 382
739 382
740 382
740 382
740 383
740 383
741 383
741 383
742 383
742 383
742 384
742 384
742 385
742 385
742 386
742 386
742 387
742 387
742 388
742 388
743 388
743 388
743 389
743 389
743 390
743 390
744 390
744 390
744 391
744 391
744 392
744 392
744 393
744 393
744 394
743 394
743 394
743 394
743 395
743 395
743 396
742 396
742 396
742 396
742 397
741 397
741 397
740 397
740 397
739 397
739 397
738 397
738 397
737 397
737 397
736 397
736 397
736 396
736 396
735 396
735 396
735 395
735 395
734 395
734 395
734 394
734 394
733 394
733 394
733 393
733 393
732 393
732 393
732 392
732 392
732 391
732 391
731 391
731 391
731 390
731 390
731 389
731 389
730 389
730 389
730 388
730 388
730 387
730 387
729 387
729 387
728 387
728 387
728 387
728 388
727 388
727 388
726 388
726 388
725 388
725 388
725 388
725 389
724 389
724 389
724 389
724 390
723 390
723 390
722 390
722 390
722 389
722 389
722 388
722 388
722 387
722 387
722 386
722 386
722 385
722 385
722 384
722 384
722 383
722 383
722 383
723 383
723 382
723 382
723 381
723 381
723 380
723 380
723 379
723 379
723 378
723 378
722 378
722 378
721 378
721 378
721 377
721 377
721 377
722 377
722 376
722 376
722 376
723 376
723 375
723 375
723 374
723 374
723 373
723 373
723 373
724 373
724 372
724 372
724 372
725 372
725 372
726 372
726 372
727 372
727 372
728 372
728 371
728 371
728 371
729 371
729 370
729 370
729 369
729 369
729 368
729 368
729 367
729 367
729 367
730 367
730 366
730 366
730 366
731 366
731 365
731 365
731 364
731 364
731 364
732 364
732 363
732 363
732 362
732 362
732 361
732 361
732 360
732 360
732 359
732 359
731 359
731 359
731 358
731 358
731 357
731 357
730 357
730 357
729 357
729 357
728 357
728 357
727 357
727 357
727 356
727 356
727 355
727 355
726 355
726 355
726 354
726 354
726 353
726 353
726 352
726 352
726 351
726 351
726 350
726 350
726 349
726 349
726 348
726 348
726 348
727 348
727 347
727 347
727 347
728 347
728 346
728 346
728 346
729 346
729 345
729 345
729 344
729 344
729 343
729 343
729 342
729 342
729 341
729 341
728 341
728 341
727 341
727 341
727 340
727 340
726 340
726 340
725 340
725 340
724 340
724 340
723 340
723 340
723 339
723 339
722 339
722 339
722 338
722 338
721 338
721 338
720 338
720 338
720 337
720 337
719 337
719 337
718 337
718 337
717 337
717 337
716 337
716 337
715 337
715 337
714 337
714 337
714 337
714 338
713 338
713 338
712 338
712 338
712 337
712 337
711 337
711 337
710 337
710 337
710 336
710 336
709 336
709 336
708 336
708 336
707 336
707 336
707 335
707 335
706 335
706 335
706 334
706 334
706 333
706 333
705 333
705 333
705 332
705 332
705 331
705 331
704 331
704 331
704 330
704 330
703 330
703 330
702 330
702 330
702 329
702 329
701 329
701 329
701 328
701 328
700 328
700 328
700 327
700 327
700 326
700 326
700 325
700 325
700 324
700 324
700 323
700 323
700 322
700 322
700 321
700 321
700 320
700 320
699 320
699 320
699 319
699 319
699 318
699 318
698 318
698 318
698 317
698 317
697 317
697 317
697 316
697 316
696 316
696 316
696 315
696 315
696 314
696 314
695 314
695 314
695 313
695 313
694 313
694 313
693 313
693 313
693 313
693 314
692 314
692 314
691 314
691 314
690 314
690 314
689 314
689 314
689 314
689 315
688 315
688 315
688 315
688 316
688 316
688 317
688 317
688 318
688 318
688 319
687 319
687 319
687 319
687 320
686 320
686 320
685 320
685 320
685 320
685 321
684 321
684 321
683 321
683 321
682 321
682 321
681 321
681 321
681 320
681 320
680 320
680 320
679 320
679 320
679 319
679 319
678 319
678 319
678 318
678 318
677 318
677 318
676 318
676 318
675 318
675 318
674 318
674 318
673 318
673 318
672 318
672 318
672 317
672 317
672 316
672 316
672 315
672 315
672 314
672 314
672 314
673 314
673 313
673 313
673 313
674 313
674 312
674 312
674 312
675 312
675 311
675 311
675 311
676 311
676 310
676 310
676 310
677 310
677 309
677 309
677 309
678 309
678 308
678 308
678 308
679 308
679 307
679 307
679 306
679 306
679 305
679 305
679 304
679 304
678 304
678 304
678 303
678 303
678 302
678 302
677 302
677 302
677 301
677 301
677 300
677 300
676 300
676 300
676 299
676 299
675 299
675 299
675 299
675 300
674 300
674 300
673 300
673 300
672 300
672 300
672 300
672 301
671 301
671 301
670 301
670 301
669 301
669 301
669 301
669 302
668 302
668 302
668 301
668 301
667 301
667 301
666 301
666 301
665 301
665 301
665 300
665 300
664 300
664 300
663 300
663 300
663 299
663 299
663 298
663 298
663 297
663 297
663 296
663 296
663 295
663 295
662 295
662 295
662 294
662 294
661 294
661 294
661 293
661 293
660 293
660 293
660 292
660 292
660 291
660 291
660 291
661 291
661 290
661 290
661 290
662 290
662 290
663 290
663 290
664 290
664 289
664 289
664 289
665 289
665 288
665 288
665 287
665 287
665 286
665 286
665 285
665 285
665 284
665 284
665 283
665 283
665 282
665 282
665 281
665 281
665 280
665 280
664 280
664 280
664 279
664 279
663 279
663 279
663 278
663 278
662 278
662 278
662 277
662 277
662 276
662 276
662 275
662 275
662 274
662 274
661 274
661 274
661 273
661 273
660 273
660 273
660 272
660 272
659 272
659 272
659 271
659 271
658 271
658 271
657 271
657 271
656 271
656 271
655 271
655 271
654 271
654 271
653 271
653 271
653 271
653 272
653 272
653 273
652 273
652 273
651 273
651 273
650 273
650 273
649 273
649 273
648 273
648 273
648 273
648 274
648 274
648 275
648 275
648 276
648 276
648 277
647 277
647 277
647 277
647 278
646 278
646 278
645 278
645 278
644 278
644 278
643 278
643 278
642 278
642 278
641 278
641 278
641 278
641 279
640 279
640 279
639 279
639 279
638 279
638 279
637 279
637 279
637 278
637 278
636 278
636 278
636 277
636 277
636 276
636 276
636 275
636 275
636 274
636 274
635 274
635 274
635 273
635 273
635 272
635 272
634 272
634 272
634 271
634 271
633 271
633 271
633 270
633 270
632 270
632 270
632 269
632 269
632 268
632 268
632 267
632 267
632 266
632 266
632 265
632 265
632 264
632 264
632 263
632 263
632 263
633 263
633 263
634 263
634 262
634 262
634 262
635 262
635 261
635 261
635 260
635 260
635 260
636 260
636 260
637 260
637 260
638 260
638 259
638 259
638 259
639 259
639 259
640 259
640 258
640 258
640 258
641 258
641 258
642 258
642 257
642 257
642 257
643 257
643 257
644 257
644 256
644 256
643 256
643 256
643 255
643 255
643 254
643 254
643 253
643 253
643 252
643 252
643 251
643 251
642 251
642 251
641 251
641 251
641 250
641 250
641 249
641 249
641 248
641 248
641 247
641 247
641 246
641 246
641 245
641 245
641 245
642 245
642 244
642 244
642 244
643 244
643 243
643 243
643 242
643 242
643 241
643 241
643 240
643 240
643 239
643 239
643 238
643 238
643 238
644 238
644 237
644 237
643 237
643 237
643 236
643 236
642 236
642 236
642 235
642 235
642 234
642 234
641 234
641 234
641 233
641 233
641 232
641 232
640 232
640 232
640 231
640 231
640 230
640 230
639 230
639 230
639 229
639 229
638 229
638 229
637 229
637 229
637 228
637 228
636 228
636 228
635 228
635 228
634 228
634 228
634 227
634 227
634 227
635 227
635 227
636 227
636 227
637 227
637 227
638 227
638 227
639 227
639 227
640 227
640 227
641 227
641 226
641 226
641 226
642 226
642 225
642 225
642 225
643 225
643 224
643 224
643 223
643 223
643 223
644 223
644 222
644 222
644 222
645 222
645 222
646 222
646 222
647 222
647 222
648 222
648 222
648 223
648 223
649 223
649 223
649 224
649 224
649 225
649 225
650 225
650 225
650 226
650 226
651 226
651 226
652 226
652 226
652 227
652 227
653 227
653 227
654 227
654 227
654 228
654 228
655 228
655 228
656 228
656 227
656 227
656 227
657 227
657 227
658 227
658 227
659 227
659 227
660 227
660 227
661 227
661 227
662 227
662 226
662 226
662 226
663 226
663 225
663 225
663 224
663 224
663 223
663 223
663 223
664 223
664 223
664 224
664 224
664 225
664 225
665 225
665 225
665 226
665 226
666 226
666 226
666 227
666 227
666 228
666 228
667 228
667 228
667 229
667 229
667 230
667 230
668 230
668 230
668 231
668 231
669 231
669 231
669 232
669 232
670 232
670 232
671 232
671 232
671 233
671 233
672 233
672 233
673 233
673 233
674 233
674 233
675 233
675 233
676 233
676 233
677 233
677 233
678 233
678 232
678 232
678 231
678 231
678 230
678 230
678 229
678 229
678 228
678 228
677 228
677 228
677 227
677 227
676 227
676 227
676 226
676 226
676 225
676 225
675 225
675 225
675 224
675 224
674 224
674 224
673 224
673 224
673 223
673 223
673 223
674 223
674 223
675 223
675 222
675 222
675 222
676 222
676 221
676 221
676 221
677 221
677 220
677 220
677 219
677 219
677 218
677 218
677 217
677 217
677 217
678 217
678 216
678 216
678 216
679 216
679 216
680 216
680 216
681 216
681 216
682 216
682 216
683 216
683 216
684 216
684 216
685 216
685 216
685 217
685 217
686 217
686 217
686 218
686 218
686 219
686 219
687 219
687 219
687 220
687 220
688 220
688 220
689 220
689 220
690 220
690 220
691 220
691 220
692 220
692 219
692 219
692 219
693 219
693 218
693 218
693 218
694 218
694 217
694 217
694 217
695 217
695 216
695 216
695 216
696 216
696 215
696 215
696 215
697 215
697 214
697 214
697 213
697 213
697 212
697 212
697 212
698 212
698 212
699 212
699 212
699 213
699 213
700 213
700 213
701 213
701 213
702 213
702 213
703 213
703 213
703 214
703 214
704 214
704 214
705 214
705 214
706 214
706 214
707 214
707 214
708 214
708 214
709 214
709 214
710 214
710 214
711 214
711 214
711 215
711 215
712 215
712 215
712 216
712 216
713 216
713 216
714 216
714 216
714 217
714 217
715 217
715 217
716 217
716 217
716 218
716 218
717 218
717 218
718 218
718 218
719 218
719 217
719 217
719 217
720 217
720 216
720 216
720 216
721 216
721 215
721 215
721 214
721 214
721 214
722 214
722 213
722 213
722 213
723 213
723 212
723 212
723 212
724 212
724 211
724 211
724 210
724 210
724 210
725 210
725 209
725 209
725 208
725 208
725 207
725 207
725 207
726 207
726 206
726 206
726 205
726 205
726 204
726 204
726 203
726 203
726 202
726 202
726 201
726 201
726 200
726 200
726 199
726 199
726 198
726 198
726 198
727 198
727 198
728 198
728 197
728 197
728 197
729 197
729 197
729 198
729 198
730 198
730 198
730 199
730 199
731 199
731 199
731 200
731 200
732 200
732 200
733 200
733 200
734 200
734 200
735 200
735 200
736 200
736 200
737 200
737 200
738 200
738 200
739 200
739 200
740 200
740 199
740 199
740 199
741 199
741 198
741 198
741 198
742 198
742 198
743 198
743 198
744 198
744 198
745 198
745 198
746 198
746 198
747 198
747 198
747 199
747 199
748 199
748 199
749 199
749 199
750 199
750 199
751 199
751 199
752 199
752 198
752 198
752 197
752 197
752 196
752 196
752 195
752 195
752 194
752 194
752 193
752 193
752 192
752 192
752 191
752 191
752 190
752 190
751 190
751 190
751 189
751 189
751 188
751 188
751 188
752 188
752 187
752 187
752 187
753 187
753 187
754 187
754 186
754 186
754 186
755 186
755 185
755 185
755 185
756 185
756 184
756 184
756 184
757 184
757 183
757 183
757 182
757 182
757 181
757 181
756 181
756 181
756 180
756 180
756 179
756 179
755 179
755 179
755 178
755 178
754 178
754 178
753 178
753 178
753 177
753 177
752 177
752 177
751 177
751 177
750 177
750 177
750 176
750 176
749 176
749 176
748 176
748 176
748 175
748 175
747 175
747 175
746 175
746 175
745 175
745 175
745 174
745 174
744 174
744 174
744 173
744 173
743 173
743 173
742 173
742 173
741 173
741 173
740 173
740 173
740 172
740 172
739 172
739 172
738 172
738 172
737 172
737 172
736 172
736 172
736 172
736 173
735 173
735 173
734 173
734 173
733 173
733 173
732 173
732 173
731 173
731 173
730 173
730 173
729 173
729 173
728 173
728 173
727 173
727 173
727 173
727 174
727 174
728 174
728 174
728 175
728 175
728 176
728 176
728 177
727 177
727 177
726 177
726 177
725 177
725 177
724 177
724 177
723 177
723 177
722 177
722 177
721 177
721 177
720 177
720 177
720 177
720 178
720 178
720 179
720 179
720 180
720 180
720 181
720 181
720 182
719 182
719 182
719 181
719 181
719 180
719 180
719 179
719 179
719 178
719 178
719 177
719 177
718 177
718 177
718 176
718 176
718 175
718 175
717 175
717 175
717 174
717 174
716 174
716 174
716 173
716 173
715 173
715 173
714 173
714 173
713 173
713 173
712 173
712 173
712 173
712 174
711 174
711 174
711 174
711 175
711 175
711 176
710 176
710 176
709 176
709 176
708 176
708 176
707 176
707 176
706 176
706 176
706 176
706 177
706 177
706 178
706 178
706 179
706 179
706 180
706 180
706 181
705 181
705 181
705 181
705 182
704 182
704 182
704 182
704 183
703 183
703 183
702 183
702 183
702 183
702 184
701 184
701 184
701 184
701 185
700 185
700 185
700 184
700 184
699 184
699 184
698 184
698 184
698 183
698 183
697 183
697 183
696 183
696 183
695 183
695 183
694 183
694 183
693 183
693 183
693 182
693 182
693 181
693 181
693 180
693 180
693 179
693 179
693 178
693 178
693 177
693 177
693 176
693 176
693 175
693 175
692 175
692 175
692 174
692 174
692 173
692 173
691 173
691 173
691 172
691 172
691 171
691 171
691 170
691 170
691 169
691 169
691 168
691 168
691 167
691 167
691 166
691 166
690 166
690 166
690 165
690 165
689 165
689 165
689 164
689 164
688 164
688 164
687 164
687 164
686 164
686 164
685 164
685 164
684 164
684 164
683 164
683 164
683 163
683 163
682 163
682 163
682 162
682 162
682 161
682 161
681 161
681 161
681 160
681 160
680 160
680 160
679 160
679 160
678 160
678 160
677 160
677 160
676 160
676 160
676 159
676 159
675 159
675 159
674 159
674 159
673 159
673 159
672 159
672 159
672 159
672 160
671 160
671 160
671 160
671 161
671 161
671 162
671 162
671 163
671 163
671 164
670 164
670 164
670 164
670 165
669 165
669 165
669 165
669 166
668 166
668 166
667 166
667 166
666 166
666 166
666 166
666 167
665 167
665 167
664 167
664 167
663 167
663 167
662 167
662 167
661 167
661 167
661 166
661 166
660 166
660 166
659 166
659 166
658 166
658 166
657 166
657 166
656 166
656 166
656 165
656 165
655 165
655 165
655 164
655 164
654 164
654 164
653 164
653 164
653 163
653 163
652 163
652 163
651 163
651 163
650 163
650 163
649 163
649 163
648 163
648 163
647 163
647 163
647 162
647 162
646 162
646 162
645 162
645 162
645 161
645 161
644 161
644 161
643 161
643 161
643 161
643 162
642 162
642 162
641 162
641 162
641 161
641 161
641 160
641 160
641 159
641 159
641 158
641 158
641 157
641 157
640 157
640 157
640 156
640 156
640 155
640 155
640 154
640 154
640 153
640 153
640 152
640 152
640 151
640 151
639 151
639 151
639 151
639 152
639 152
639 153
639 153
639 154
639 154
639 155
638 155
638 155
637 155
637 155
636 155
636 155
635 155
635 155
634 155
634 155
634 155
634 156
633 156
633 156
632 156
632 156
631 156
631 156
630 156
630 156
629 156
629 156
629 155
629 155
628 155
628 155
628 154
628 154
627 154
627 154
627 153
627 153
626 153
626 153
625 153
625 153
625 152
625 152
624 152
624 152
624 151
624 151
623 151
623 151
623 151
623 152
622 152
622 152
621 152
621 152
620 152
620 152
619 152
619 152
618 152
618 152
618 151
618 151
618 150
618 150
618 149
618 149
618 148
618 148
618 147
618 147
618 146
618 146
618 145
618 145
618 144
618 144
618 143
618 143
617 143
617 143
617 142
617 142
617 141
617 141
617 140
617 140
617 139
617 139
617 139
618 139
618 138
618 138
618 138
619 138
619 138
620 138
620 138
621 138
621 137
621 137
621 137
622 137
622 137
623 137
623 137
624 137
624 137
625 137
625 136
625 136
624 136
624 136
623 136
623 136
623 135
623 135
622 135
622 135
622 134
622 134
622 133
622 133
621 133
621 133
621 132
621 132
620 132
620 132
619 132
619 132
618 132
618 132
617 132
617 132
617 131
617 131
617 130
617 130
617 129
617 129
617 128
617 128
617 127
617 127
617 126
617 126
617 125
617 125
617 124
617 124
617 123
617 123
617 122
617 122
617 121
617 121
616 121
616 121
616 120
616 120
615 120
615 120
614 120
614 120
613 120
613 120
612 120
612 120
611 120
611 120
610 120
610 120
609 120
609 120
608 120
608 120
607 120
607 120
606 120
606 120
605 120
605 120
604 120
604 120
603 120
603 120
602 120
602 120
601 120
601 120
601 119
601 119
600 119
600 119
600 118
600 118
600 117
600 117
600 116
600 116
600 115
600 115
600 114
600 114
600 113
600 113
599 113
599 113
598 113
598 113
597 113
597 113
596 113
596 113
596 112
596 112
596 111
596 111
596 110
596 110
596 109
596 109
596 108
596 108
596 107
596 107
596 106
596 106
595 106
595 106
595 105
595 105
595 104
595 104
594 104
594 104
594 103
594 103
594 102
594 102
594 102
595 102
595 101
595 101
595 100
595 100
595 99
595 99
595 98
595 98
595 97
595 97
595 97
596 97
596 96
596 96
596 95
596 95
596 94
596 94
595 94
595 94
594 94
594 94
593 94
593 94
593 93
593 93
593 92
593 92
592 92
592 92
592 91
592 91
592 90
592 90
592 89
592 89
592 88
592 88
591 88
591 88
591 87
591 87
591 87
592 87
592 87
593 87
593 87
594 87
594 87
595 87
595 86
595 86
595 86
596 86
596 85
596 85
596 85
597 85
597 85
598 85
598 84
598 84
598 84
599 84
599 84
600 84
600 83
600 83
600 82
600 82
600 81
600 81
600 80
600 80
600 79
600 79
600 78
600 78
599 78
599 78
599 77
599 77
598 77
598 77
598 76
598 76
597 76
597 76
596 76
596 76
596 75
596 75
595 75
595 75
595 74
595 74
594 74
594 74
594 73
594 73
594 72
594 72
594 71
594 71
594 70
594 70
594 69
594 69
593 69
593 69
593 68
593 68
593 67
593 67
593 66
593 66
593 65
593 65
593 64
593 64
593 64
594 64
594 63
594 63
594 62
594 62
594 62
595 62
595 61
595 61
595 61
596 61
596 60
596 60
596 59
596 59
596 59
597 59
597 58
597 58
597 57
597 57
597 57
598 57
598 56
598 56
598 55
598 55
598 54
598 54
598 53
598 53
598 52
598 52
598 51
598 51
597 51
597 51
597 50
597 50
596 50
596 50
596 49
596 49
596 48
596 48
595 48
595 48
595 47
595 47
595 46
595 46
595 45
595 45
595 44
595 44
595 44
596 44
596 43
596 43
596 42
596 42
596 41
596 41
596 40
596 40
595 40
595 40
595 39
595 39
594 39
594 39
593 39
593 39
592 39
592 39
592 38
592 38
592 37
592 37
592 36
592 36
592 35
592 35
592 34
592 34
592 33
592 33
592 33
593 33
593 32
593 32
593 32
594 32
594 31
594 31
594 30
594 30
593 30
593 30
593 29
593 29
592 29
592 29
591 29
591 29
591 28
591 28
590 28
590 28
590 27
590 27
590 26
590 26
590 25
590 25
590 24
590 24
590 23
590 23
590 22
590 22
590 21
590 21
590 20
590 20
590 19
590 19
590 18
590 18
590 17
590 17
590 17
591 17
591 16
591 16
591 16
592 16
592 15
592 15
592 15
593 15
593 14
593 14
593 13
593 13
593 12
593 12
593 11
593 11
593 10
593 10
593 9
593 9
593 8
593 8
593 7
593 7
593 6
593 6
593 5
593 5
593 4
593 4
593 3
593 3
593 2
593 2
593 1
593 1
593 0
593 0
809 330
809 330
809 329
809 329
808 329
808 329
808 328
808 328
807 328
807 328
806 328
806 328
805 328
805 328
805 328
805 329
804 329
804 329
803 329
803 329
802 329
802 329
801 329
801 329
800 329
800 329
799 329
799 329
798 329
798 329
798 329
798 330
798 330
798 331
798 331
798 332
798 332
798 333
797 333
797 333
797 333
797 334
796 334
796 334
795 334
795 334
794 334
794 334
793 334
793 334
792 334
792 334
791 334
791 334
790 334
790 334
790 334
790 335
789 335
789 335
788 335
788 335
788 335
788 336
787 336
787 336
787 336
787 337
786 337
786 337
786 337
786 338
786 338
786 339
786 339
786 340
786 340
786 341
786 341
786 342
786 342
786 343
786 343
786 344
786 344
787 344
787 344
788 344
788 344
788 345
788 345
788 346
788 346
789 346
789 346
789 347
789 347
790 347
790 347
790 348
790 348
791 348
791 348
791 349
791 349
792 349
792 349
793 349
793 349
793 350
793 350
794 350
794 350
794 351
794 351
794 352
794 352
794 353
794 353
794 354
793 354
793 354
793 354
793 355
792 355
792 355
792 355
792 356
792 356
792 357
792 357
792 358
791 358
791 358
791 358
791 359
790 359
790 359
790 359
790 360
790 360
790 361
789 361
789 361
789 361
789 362
789 362
789 363
789 363
789 364
788 364
788 364
788 363
788 363
788 362
788 362
787 362
787 362
787 361
787 361
786 361
786 361
785 361
785 361
785 360
785 360
784 360
784 360
783 360
783 360
782 360
782 360
781 360
781 360
780 360
780 360
779 360
779 360
778 360
778 360
777 360
777 360
777 360
777 361
777 361
777 362
776 362
776 362
776 361
776 361
775 361
775 361
775 360
775 360
775 359
775 359
774 359
774 359
773 359
773 359
773 358
773 358
773 357
773 357
773 356
773 356
772 356
772 356
772 356
772 357
772 357
772 358
772 358
772 359
772 359
772 360
771 360
771 360
771 360
771 361
771 361
771 362
770 362
770 362
770 362
770 363
769 363
769 363
768 363
768 363
767 363
767 363
766 363
766 363
765 363
765 363
764 363
764 363
763 363
763 363
762 363
762 363
761 363
761 363
760 363
760 363
760 363
760 364
759 364
759 364
759 363
759 363
758 363
758 363
758 362
758 362
758 361
758 361
758 360
758 360
757 360
757 360
756 360
756 360
755 360
755 360
754 360
754 360
753 360
753 360
752 360
752 360
752 359
752 359
752 358
752 358
751 358
751 358
750 358
750 358
749 358
749 358
748 358
748 358
747 358
747 358
746 358
746 358
746 358
746 359
746 359
746 360
746 360
746 361
745 361
745 361
745 361
745 362
745 362
745 363
745 363
745 364
745 364
745 365
744 365
744 365
744 365
744 366
744 366
744 367
744 367
744 368
744 368
744 369
744 369
744 370
744 370
744 371
744 371
744 372
744 372
744 373
743 373
743 373
742 373
742 373
741 373
741 373
740 373
740 373
739 373
739 373
739 373
739 374
738 374
738 374
737 374
737 374
737 374
737 375
736 375
736 375
736 375
736 376
736 376
736 377
736 377
736 378
736 378
737 378
737 378
737 379
737 379
737 380
737 380
737 381
737 381
738 381
738 381
738 382
738 382
739 382
739 382
740 382
740 382
740 383
740 383
741 383
741 383
742 383
742 383
742 384
742 384
742 385
742 385
742 386
742 386
742 387
742 387
742 388
742 388
743 388
743 388
743 389
743 389
743 390
743 390
744 390
744 390
744 391
744 391
744 392
744 392
744 393
744 393
744 394
743 394
743 394
743 394
743 395
743 395
743 396
742 396
742 396
742 396
742 397
741 397
741 397
740 397
740 397
739 397
739 397
738 397
738 397
737 397
737 397
736 397
736 397
736 396
736 396
735 396
735 396
735 395
735 395
734 395
734 395
734 394
734 394
733 394
733 394
733 393
733 393
732 393
732 393
732 392
732 392
732 391
732 391
731 391
731 391
731 390
731 390
731 389
731 389
730 389
730 389
730 388
730 388
730 387
730 387
729 387
729 387
728 387
728 387
728 387
728 388
727 388
727 388
726 388
726 388
725 388
725 388
725 388
725 389
724 389
724 389
724 389
724 390
723 390
723 390
722 390
722 390
722 389
722 389
722 388
722 388
722 387
722 387
722 386
722 386
722 385
722 385
722 384
722 384
722 383
722 383
722 383
723 383
723 382
723 382
723 381
723 381
723 380
723 380
723 379
723 379
723 378
723 378
722 378
722 378
721 378
721 378
721 377
721 377
721 377
722 377
722 376
722 376
722 376
723 376
723 375
723 375
723 374
723 374
723 373
723 373
723 373
724 373
724 372
724 372
724 372
725 372
725 372
726 372
726 372
727 372
727 372
728 372
728 371
728 371
728 371
729 371
729 370
729 370
729 369
729 369
729 368
729 368
729 367
729 367
729 367
730 367
730 366
730 366
730 366
731 366
731 365
731 365
731 364
731 364
731 364
732 364
732 363
732 363
732 362
732 362
732 361
732 361
732 360
732 360
732 359
732 359
731 359
731 359
731 358
731 358
731 357
731 357
730 357
730 357
729 357
729 357
728 357
728 357
727 357
727 357
727 356
727 356
727 355
727 355
726 355
726 355
726 354
726 354
726 353
726 353
726 352
726 352
726 351
726 351
726 350
726 350
726 349
726 349
726 348
726 348
726 348
727 348
727 347
727 347
727 347
728 347
728 346
728 346
728 346
729 346
729 345
729 345
729 344
729 344
729 343
729 343
729 342
729 342
729 341
729 341
728 341
728 341
727 341
727 341
727 340
727 340
726 340
726 340
725 340
725 340
724 340
724 340
723 340
723 340
723 339
723 339
722 339
722 339
722 338
722 338
721 338
721 338
720 338
720 338
720 337
720 337
719 337
719 337
718 337
718 337
717 337
717 337
716 337
716 337
715 337
715 337
714 337
714 337
714 337
714 338
713 338
713 338
712 338
712 338
712 337
712 337
711 337
711 337
710 337
710 337
710 336
710 336
709 336
709 336
708 336
708 336
707 336
707 336
707 335
707 335
706 335
706 335
706 334
706 334
706 333
706 333
705 333
705 333
705 332
705 332
705 331
705 331
704 331
704 331
704 330
704 330
703 330
703 330
702 330
702 330
702 329
702 329
701 329
701 329
701 328
701 328
700 328
700 328
700 327
700 327
700 326
700 326
700 325
700 325
700 324
700 324
700 323
700 323
700 322
700 322
700 321
700 321
700 320
700 320
699 320
699 320
699 319
699 319
699 318
699 318
698 318
698 318
698 317
698 317
697 317
697 317
697 316
697 316
696 316
696 316
696 315
696 315
696 314
696 314
695 314
695 314
695 313
695 313
694 313
694 313
693 313
693 313
693 313
693 314
692 314
692 314
691 314
691 314
690 314
690 314
689 314
689 314
689 314
689 315
688 315
688 315
688 315
688 316
688 316
688 317
688 317
688 318
688 318
688 319
687 319
687 319
687 319
687 320
686 320
686 320
685 320
685 320
685 320
685 321
684 321
684 321
683 321
683 321
682 321
682 321
681 321
681 321
681 320
681 320
680 320
680 320
679 320
679 320
679 319
679 319
678 319
678 319
678 318
678 318
677 318
677 318
676 318
676 318
675 318
675 318
674 318
674 318
673 318
673 318
672 318
672 318
672 317
672 317
672 316
672 316
672 315
672 315
672 314
672 314
672 314
673 314
673 313
673 313
673 313
674 313
674 312
674 312
674 312
675 312
675 311
675 311
675 311
676 311
676 310
676 310
676 310
677 310
677 309
677 309
677 309
678 309
678 308
678 308
678 308
679 308
679 307
679 307
679 306
679 306
679 305
679 305
679 304
679 304
678 304
678 304
678 303
678 303
678 302
678 302
677 302
677 302
677 301
677 301
677 300
677 300
676 300
676 300
676 299
676 299
675 299
675 299
675 299
675 300
674 300
674 300
673 300
673 300
672 300
672 300
672 300
672 301
671 301
671 301
670 301
670 301
669 301
669 301
669 301
669 302
668 302
668 302
668 301
668 301
667 301
667 301
666 301
666 301
665 301
665 301
665 300
665 300
664 300
664 300
663 300
663 300
663 299
663 299
663 298
663 298
663 297
663 297
663 296
663 296
663 295
663 295
662 295
662 295
662 294
662 294
661 294
661 294
661 293
661 293
660 293
660 293
660 292
660 292
660 291
660 291
660 291
661 291
661 290
661 290
661 290
662 290
662 290
663 290
663 290
664 290
664 289
664 289
664 289
665 289
665 288
665 288
665 287
665 287
665 286
665 286
665 285
665 285
665 284
665 284
665 283
665 283
665 282
665 282
665 281
665 281
665 280
665 280
664 280
664 280
664 279
664 279
663 279
663 279
663 278
663 278
662 278
662 278
662 277
662 277
662 276
662 276
662 275
662 275
662 274
662 274
661 274
661 274
661 273
661 273
660 273
660 273
660 272
660 272
659 272
659 272
659 271
659 271
658 271
658 271
657 271
657 271
656 271
656 271
655 271
655 271
654 271
654 271
653 271
653 271
653 271
653 272
653 272
653 273
652 273
652 273
651 273
651 273
650 273
650 273
649 273
649 273
648 273
648 273
648 273
648 274
648 274
648 275
648 275
648 276
648 276
648 277
647 277
647 277
647 277
647 278
646 278
646 278
645 278
645 278
644 278
644 278
643 278
643 278
642 278
642 278
641 278
641 278
641 278
641 279
640 279
640 279
639 279
639 279
638 279
638 279
637 279
637 279
637 278
637 278
636 278
636 278
636 277
636 277
636 276
636 276
636 275
636 275
636 274
636 274
635 274
635 274
635 273
635 273
635 272
635 272
634 272
634 272
634 271
634 271
633 271
633 271
633 270
633 270
632 270
632 270
632 269
632 269
632 268
632 268
632 267
632 267
632 266
632 266
632 265
632 265
632 264
632 264
632 263
632 263
632 263
633 263
633 263
634 263
634 262
634 262
634 262
635 262
635 261
635 261
635 260
635 260
635 260
636 260
636 260
637 260
637 260
638 260
638 259
638 259
638 259
639 259
639 259
640 259
640 258
640 258
640 258
641 258
641 258
642 258
642 257
642 257
642 257
643 257
643 257
644 257
644 256
644 256
643 256
643 256
643 255
643 255
643 254
643 254
643 253
643 253
643 252
643 252
643 251
643 251
642 251
642 251
641 251
641 251
641 250
641 250
641 249
641 249
641 248
641 248
641 247
641 247
641 246
641 246
641 245
641 245
641 245
642 245
642 244
642 244
642 244
643 244
643 243
643 243
643 242
643 242
643 241
643 241
643 240
643 240
643 239
643 239
643 238
643 238
643 238
644 238
644 237
644 237
643 237
643 237
643 236
643 236
642 236
642 236
642 235
642 235
642 234
642 234
641 234
641 234
641 233
641 233
641 232
641 232
640 232
640 232
640 231
640 231
640 230
640 230
639 230
639 230
639 229
639 229
638 229
638 229
637 229
637 229
637 228
637 228
636 228
636 228
635 228
635 228
634 228
634 228
634 227
634 227
634 227
635 227
635 227
636 227
636 227
637 227
637 227
638 227
638 227
639 227
639 227
640 227
640 227
641 227
641 226
641 226
641 226
642 226
642 225
642 225
642 225
643 225
643 224
643 224
643 223
643 223
643 223
644 223
644 222
644 222
644 222
645 222
645 222
646 222
646 222
647 222
647 222
648 222
648 222
648 223
648 223
649 223
649 223
649 224
649 224
649 225
649 225
650 225
650 225
650 226
650 226
651 226
651 226
652 226
652 226
652 227
652 227
653 227
653 227
654 227
654 227
654 228
654 228
655 228
655 228
656 228
656 227
656 227
656 227
657 227
657 227
658 227
658 227
659 227
659 227
660 227
660 227
661 227
661 227
662 227
662 226
662 226
662 226
663 226
663 225
663 225
663 224
663 224
663 223
663 223
663 223
664 223
664 223
664 224
664 224
664 225
664 225
665 225
665 225
665 226
665 226
666 226
666 226
666 227
666 227
666 228
666 228
667 228
667 228
667 229
667 229
667 230
667 230
668 230
668 230
668 231
668 231
669 231
669 231
669 232
669 232
670 232
670 232
671 232
671 232
671 233
671 233
672 233
672 233
673 233
673 233
674 233
674 233
675 233
675 233
676 233
676 233
677 233
677 233
678 233
678 232
678 232
678 231
678 231
678 230
678 230
678 229
678 229
678 228
678 228
677 228
677 228
677 227
677 227
676 227
676 227
676 226
676 226
676 225
676 225
675 225
675 225
675 224
675 224
674 224
674 224
673 224
673 224
673 223
673 223
673 223
674 223
674 223
675 223
675 222
675 222
675 222
676 222
676 221
676 221
676 221
677 221
677 220
677 220
677 219
677 219
677 218
677 218
677 217
677 217
677 217
678 217
678 216
678 216
678 216
679 216
679 216
680 216
680 216
681 216
681 216
682 216
682 216
683 216
683 216
684 216
684 216
685 216
685 216
685 217
685 217
686 217
686 217
686 218
686 218
686 219
686 219
687 219
687 219
687 220
687 220
688 220
688 220
689 220
689 220
690 220
690 220
691 220
691 220
692 220
692 219
692 219
692 219
693 219
693 218
693 218
693 218
694 218
694 217
694 217
694 217
695 217
695 216
695 216
695 216
696 216
696 215
696 215
696 215
697 215
697 214
697 214
697 213
697 213
697 212
697 212
697 212
698 212
698 212
699 212
699 212
699 213
699 213
700 213
700 213
701 213
701 213
702 213
702 213
703 213
703 213
703 214
703 214
704 214
704 214
705 214
705 214
706 214
706 214
707 214
707 214
708 214
708 214
709 214
709 214
710 214
710 214
711 214
711 214
711 215
711 215
712 215
712 215
712 216
712 216
713 216
713 216
714 216
714 216
714 217
714 217
715 217
715 217
716 217
716 217
716 218
716 218
717 218
717 218
718 218
718 218
719 218
719 217
719 217
719 217
720 217
720 216
720 216
720 216
721 216
721 215
721 215
721 214
721 214
721 214
722 214
722 213
722 213
722 213
723 213
723 212
723 212
723 212
724 212
724 211
724 211
724 210
724 210
724 210
725 210
725 209
725 209
725 208
725 208
725 207
725 207
725 207
726 207
726 206
726 206
726 205
726 205
726 204
726 204
726 203
726 203
726 202
726 202
726 201
726 201
726 200
726 200
726 199
726 199
726 198
726 198
726 198
727 198
727 198
728 198
728 197
728 197
728 197
729 197
729 197
729 198
729 198
730 198
730 198
730 199
730 199
731 199
731 199
731 200
731 200
732 200
732 200
733 200
733 200
734 200
734 200
735 200
735 200
736 200
736 200
737 200
737 200
738 200
738 200
739 200
739 200
740 200
740 199
740 199
740 199
741 199
741 198
741 198
741 198
742 198
742 198
743 198
743 198
744 198
744 198
745 198
745 198
746 198
746 198
747 198
747 198
747 199
747 199
748 199
748 199
749 199
749 199
750 199
750 199
751 199
751 199
752 199
752 198
752 198
752 197
752 197
752 196
752 196
752 195
752 195
752 194
752 194
752 193
752 193
752 192
752 192
752 191
752 191
752 190
752 190
751 190
751 190
751 189
751 189
751 188
751 188
751 188
752 188
752 187
752 187
752 187
753 187
753 187
754 187
754 186
754 186
754 186
755 186
755 185
755 185
755 185
756 185
756 184
756 184
756 184
757 184
757 183
757 183
757 182
757 182
757 181
757 181
756 181
756 181
756 180
756 180
756 179
756 179
755 179
755 179
755 178
755 178
754 178
754 178
753 178
753 178
753 177
753 177
752 177
752 177
751 177
751 177
750 177
750 177
750 176
750 176
749 176
749 176
748 176
748 176
748 175
748 175
747 175
747 175
746 175
746 175
745 175
745 175
745 174
745 174
744 174
744 174
744 173
744 173
743 173
743 173
742 173
742 173
741 173
741 173
740 173
740 173
740 172
740 172
739 172
739 172
738 172
738 172
737 172
737 172
736 172
736 172
736 172
736 173
735 173
735 173
734 173
734 173
733 173
733 173
732 173
732 173
731 173
731 173
730 173
730 173
729 173
729 173
728 173
728 173
727 173
727 173
727 173
727 174
727 174
728 174
728 174
728 175
728 175
728 176
728 176
728 177
727 177
727 177
726 177
726 177
725 177
725 177
724 177
724 177
723 177
723 177
722 177
722 177
721 177
721 177
720 177
720 177
720 177
720 178
720 178
720 179
720 179
720 180
720 180
720 181
720 181
720 182
719 182
719 182
719 181
719 181
719 180
719 180
719 179
719 179
719 178
719 178
719 177
719 177
718 177
718 177
718 176
718 176
718 175
718 175
717 175
717 175
717 174
717 174
716 174
716 174
716 173
716 173
715 173
715 173
714 173
714 173
713 173
713 173
712 173
712 173
712 173
712 174
711 174
711 174
711 174
711 175
711 175
711 176
710 176
710 176
709 176
709 176
708 176
708 176
707 176
707 176
706 176
706 176
706 176
706 177
706 177
706 178
706 178
706 179
706 179
706 180
706 180
706 181
705 181
705 181
705 181
705 182
704 182
704 182
704 182
704 183
703 183
703 183
702 183
702 183
702 183
702 184
701 184
701 184
701 184
701 185
700 185
700 185
700 184
700 184
699 184
699 184
698 184
698 184
698 183
698 183
697 183
697 183
696 183
696 183
695 183
695 183
694 183
694 183
693 183
693 183
693 182
693 182
693 181
693 181
693 180
693 180
693 179
693 179
693 178
693 178
693 177
693 177
693 176
693 176
693 175
693 175
692 175
692 175
692 174
692 174
692 173
692 173
691 173
691 173
691 172
691 172
691 171
691 171
691 170
691 170
691 169
691 169
691 168
691 168
691 167
691 167
691 166
691 166
690 166
690 166
690 165
690 165
689 165
689 165
689 164
689 164
688 164
688 164
687 164
687 164
686 164
686 164
685 164
685 164
684 164
684 164
683 164
683 164
683 163
683 163
682 163
682 163
682 162
682 162
682 161
682 161
681 161
681 161
681 160
681 160
680 160
680 160
679 160
679 160
678 160
678 160
677 160
677 160
676 160
676 160
676 159
676 159
675 159
675 159
674 159
674 159
673 159
673 159
672 159
672 159
672 159
672 160
671 160
671 160
671 160
671 161
671 161
671 162
671 162
671 163
671 163
671 164
670 164
670 164
670 164
670 165
669 165
669 165
669 165
669 166
668 166
668 166
667 166
667 166
666 166
666 166
666 166
666 167
665 167
665 167
664 167
664 167
663 167
663 167
662 167
662 167
661 167
661 167
661 166
661 166
660 166
660 166
659 166
659 166
658 166
658 166
657 166
657 166
656 166
656 166
656 165
656 165
655 165
655 165
655 164
655 164
654 164
654 164
653 164
653 164
653 163
653 163
652 163
652 163
651 163
651 163
650 163
650 163
649 163
649 163
648 163
648 163
647 163
647 163
647 162
647 162
646 162
646 162
645 162
645 162
645 161
645 161
644 161
644 161
643 161
643 161
643 161
643 162
642 162
642 162
641 162
641 162
641 161
641 161
641 160
641 160
641 159
641 159
641 158
641 158
641 157
641 157
640 157
640 157
640 156
640 156
640 155
640 155
640 154
640 154
640 153
640 153
640 152
640 152
640 151
640 151
639 151
639 151
639 151
639 152
639 152
639 153
639 153
639 154
639 154
639 155
638 155
638 155
637 155
637 155
636 155
636 155
635 155
635 155
634 155
634 155
634 155
634 156
633 156
633 156
632 156
632 156
631 156
631 156
630 156
630 156
629 156
629 156
629 155
629 155
628 155
628 155
628 154
628 154
627 154
627 154
627 153
627 153
626 153
626 153
625 153
625 153
625 152
625 152
624 152
624 152
624 151
624 151
623 151
623 151
623 151
623 152
622 152
622 152
621 152
621 152
620 152
620 152
619 152
619 152
618 152
618 152
618 151
618 151
618 150
618 150
618 149
618 149
618 148
618 148
618 147
618 147
618 146
618 146
618 145
618 145
618 144
618 144
618 143
618 143
617 143
617 143
617 142
617 142
617 141
617 141
617 140
617 140
617 139
617 139
617 139
618 139
618 138
618 138
618 138
619 138
619 138
620 138
620 138
621 138
621 137
621 137
621 137
622 137
622 137
623 137
623 137
624 137
624 137
625 137
625 136
625 136
624 136
624 136
623 136
623 136
623 135
623 135
622 135
622 135
622 134
622 134
622 133
622 133
621 133
621 133
621 132
621 132
620 132
620 132
619 132
619 132
618 132
618 132
617 132
617 132
617 131
617 131
617 130
617 130
617 129
617 129
617 128
617 128
617 127
617 127
617 126
617 126
617 125
617 125
617 124
617 124
617 123
617 123
617 122
617 122
617 121
617 121
616 121
616 121
616 120
616 120
615 120
615 120
614 120
614 120
613 120
613 120
612 120
612 120
611 120
611 120
610 120
610 120
609 120
609 120
608 120
608 120
607 120
607 120
606 120
606 120
605 120
605 120
604 120
604 120
603 120
603 120
602 120
602 120
601 120
601 120
601 119
601 119
600 119
600 119
600 118
600 118
600 117
600 117
600 116
600 116
600 115
600 115
600 114
600 114
600 113
600 113
599 113
599 113
598 113
598 113
597 113
597 113
596 113
596 113
596 112
596 112
596 111
596 111
596 110
596 110
596 109
596 109
596 108
596 108
596 107
596 107
596 106
596 106
595 106
595 106
595 105
595 105
595 104
595 104
594 104
594 104
594 103
594 103
594 102
594 102
594 102
595 102
595 101
595 101
595 100
595 100
595 99
595 99
595 98
595 98
595 97
595 97
595 97
596 97
596 96
596 96
596 95
596 95
596 94
596 94
595 94
595 94
594 94
594 94
593 94
593 94
593 93
593 93
593 92
593 92
592 92
592 92
592 91
592 91
592 90
592 90
592 89
592 89
592 88
592 88
591 88
591 88
591 87
591 87
591 87
592 87
592 87
593 87
593 87
594 87
594 87
595 87
595 86
595 86
595 86
596 86
596 85
596 85
596 85
597 85
597 85
598 85
598 84
598 84
598 84
599 84
599 84
600 84
600 83
600 83
600 82
600 82
600 81
600 81
600 80
600 80
600 79
600 79
600 78
600 78
599 78
599 78
599 77
599 77
598 77
598 77
598 76
598 76
597 76
597 76
596 76
596 76
596 75
596 75
595 75
595 75
595 74
595 74
594 74
594 74
594 73
594 73
594 72
594 72
594 71
594 71
594 70
594 70
594 69
594 69
593 69
593 69
593 68
593 68
593 67
593 67
593 66
593 66
593 65
593 65
593 64
593 64
593 64
594 64
594 63
594 63
594 62
594 62
594 62
595 62
595 61
595 61
595 61
596 61
596 60
596 60
596 59
596 59
596 59
597 59
597 58
597 58
597 57
597 57
597 57
598 57
598 56
598 56
598 55
598 55
598 54
598 54
598 53
598 53
598 52
598 52
598 51
598 51
597 51
597 51
597 50
597 50
596 50
596 50
596 49
596 49
596 48
596 48
595 48
595 48
595 47
595 47
595 46
595 46
595 45
595 45
595 44
595 44
595 44
596 44
596 43
596 43
596 42
596 42
596 41
596 41
596 40
596 40
595 40
595 40
595 39
595 39
594 39
594 39
593 39
593 39
592 39
592 39
592 38
592 38
592 37
592 37
592 36
592 36
592 35
592 35
592 34
592 34
592 33
592 33
592 33
593 33
593 32
593 32
593 32
594 32
594 31
594 31
594 30
594 30
593 30
593 30
593 29
593 29
592 29
592 29
591 29
591 29
591 28
591 28
590 28
590 28
590 27
590 27
590 26
590 26
590 25
590 25
590 24
590 24
590 23
590 23
590 22
590 22
590 21
590 21
590 20
590 20
590 19
590 19
590 18
590 18
590 17
590 17
590 17
591 17
591 16
591 16
591 16
592 16
592 15
592 15
592 15
593 15
593 14
593 14
593 13
593 13
593 12
593 12
593 11
593 11
593 10
593 10
593 9
593 9
593 8
593 8
593 7
593 7
593 6
593 6
593 5
593 5
593 4
593 4
593 3
593 3
593 2
593 2
593 1
593 1
593 0
593 0
773 917
773 917
773 916
773 916
772 916
772 916
772 915
772 915
771 915
771 915
771 914
771 914
771 913
771 913
771 912
771 912
771 911
771 911
770 911
770 911
769 911
769 911
768 911
768 911
768 911
768 912
767 912
767 912
766 912
766 912
765 912
765 912
765 912
765 913
764 913
764 913
763 913
763 913
763 913
763 914
762 914
762 914
762 914
762 915
761 915
761 915
760 915
760 915
759 915
759 915
758 915
758 915
757 915
757 915
756 915
756 915
755 915
755 915
755 915
755 916
754 916
754 916
753 916
753 916
752 916
752 916
751 916
751 916
750 916
750 916
750 916
750 917
749 917
749 917
749 916
749 916
748 916
748 916
748 915
748 915
747 915
747 915
746 915
746 915
745 915
745 915
745 915
745 916
744 916
744 916
743 916
743 916
742 916
742 916
742 916
742 917
741 917
741 917
741 917
741 918
740 918
740 918
740 918
740 919
739 919
739 919
738 919
738 919
737 919
737 919
736 919
736 919
735 919
735 919
734 919
734 919
733 919
733 919
732 919
732 919
731 919
731 919
730 919
730 919
729 919
729 919
728 919
728 919
728 919
728 920
728 920
728 921
727 921
727 921
727 921
727 922
727 922
727 923
727 923
727 924
726 924
726 924
726 924
726 925
725 925
725 925
725 925
725 926
724 926
724 926
723 926
723 926
722 926
722 926
721 926
721 926
720 926
720 926
720 926
720 927
719 927
719 927
719 927
719 928
719 928
719 929
719 929
719 930
719 930
719 931
719 931
719 932
719 932
719 933
718 933
718 933
718 933
718 934
717 934
717 934
717 934
717 935
717 935
717 936
716 936
716 936
716 936
716 937
715 937
715 937
715 937
715 938
714 938
714 938
713 938
713 938
712 938
712 938
712 938
712 939
711 939
711 939
710 939
710 939
710 939
710 940
709 940
709 940
709 940
709 941
709 941
709 942
708 942
708 942
708 942
708 943
708 943
708 944
707 944
707 944
706 944
706 944
706 944
706 945
705 945
705 945
705 945
705 946
704 946
704 946
704 946
704 947
703 947
703 947
703 947
703 948
702 948
702 948
701 948
701 948
701 948
701 949
700 949
700 949
699 949
699 949
699 949
699 950
698 950
698 950
697 950
697 950
697 950
697 951
696 951
696 951
696 951
696 952
695 952
695 952
695 951
695 951
694 951
694 951
694 950
694 950
693 950
693 950
692 950
692 950
692 949
692 949
691 949
691 949
691 948
691 948
690 948
690 948
690 947
690 947
689 947
689 947
688 947
688 947
687 947
687 947
686 947
686 947
686 947
686 948
685 948
685 948
685 948
685 949
685 949
685 950
684 950
684 950
684 950
684 951
683 951
683 951
683 951
683 952
683 952
684 952
684 952
684 953
684 953
685 953
685 953
685 954
685 954
686 954
686 954
686 955
686 955
687 955
687 955
687 956
687 956
687 957
687 957
687 958
687 958
687 959
687 959
688 959
688 959
688 960
688 960
688 961
688 961
689 961
689 961
690 961
690 961
691 961
691 961
691 962
691 962
692 962
692 962
693 962
693 962
693 963
693 963
693 964
693 964
694 964
694 964
694 965
694 965
695 965
695 965
695 966
695 966
696 966
696 966
696 967
696 967
697 967
697 967
698 967
698 967
698 968
698 968
699 968
699 968
700 968
700 968
701 968
701 968
701 969
701 969
702 969
702 969
702 970
702 970
703 970
703 970
703 971
703 971
704 971
704 971
705 971
705 971
706 971
706 971
707 971
707 971
708 971
708 971
709 971
709 971
709 972
709 972
710 972
710 972
711 972
711 972
711 973
711 973
712 973
712 973
712 974
712 974
712 975
712 975
713 975
713 975
713 976
713 976
714 976
714 976
715 976
715 976
716 976
716 976
717 976
717 976
718 976
718 976
719 976
719 976
720 976
720 976
721 976
721 976
721 977
721 977
721 978
721 978
721 979
720 979
720 979
719 979
719 979
719 979
719 980
718 980
718 980
717 980
717 980
717 980
717 981
717 981
717 982
716 982
716 982
716 982
716 983
715 983
715 983
714 983
714 983
713 983
713 983
712 983
712 983
712 983
712 984
711 984
711 984
711 984
711 985
711 985
711 986
710 986
710 986
710 986
710 987
709 987
709 987
709 987
709 988
708 988
708 988
708 988
708 989
708 989
708 990
707 990
707 990
707 990
707 991
706 991
706 991
706 991
706 992
705 992
705 992
705 992
705 993
704 993
704 993
704 993
704 994
704 994
704 995
703 995
703 995
703 995
703 996
703 996
703 997
702 997
702 997
702 997
702 998
701 998
701 998
701 998
701 999
701 999
701 1000
700 1000
700 1000
700 1000
700 1001
699 1001
699 1001
699 1001
699 1002
699 1002
699 1003
699 1003
699 1004
698 1004
698 1004
698 1004
698 1005
698 1005
698 1006
698 1006
698 1007
698 1007
698 1008
698 1008
699 1008
699 1008
699 1009
699 1009
700 1009
700 1009
701 1009
701 1009
702 1009
702 1009
703 1009
703 1009
704 1009
704 1009
704 1010
703 1010
703 1010
703 1010
703 1011
703 1011
703 1012
703 1012
703 1013
703 1013
703 1014
703 1014
703 1015
702 1015
702 1015
702 1015
702 1016
702 1016
703 1016
703 1016
703 1017
703 1017
703 1018
703 1018
704 1018
704 1018
704 1019
704 1019
704 1020
704 1020
704 1021
704 1021
704 1022
704 1022
705 1022
705 1022
706 1022
706 1022
707 1022
707 1022
708 1022
708 1022
709 1022
709 1022
710 1022
710 1022
711 1022
711 1022
712 1022
712 1022
713 1022
713 1022
714 1022
714 1022
714 1023
714 1023
715 1023
715 1023
715 1024
715 1024
716 1024
716 1024
716 1025
716 1025
716 1026
716 1026
716 1027
716 1027
716 1028
716 1028
716 1029
716 1029
716 1030
716 1030
717 1030
717 1030
717 1031
717 1031
717 1032
717 1032
718 1032
718 1032
719 1032
719 1032
720 1032
720 1032
721 1032
721 1032
722 1032
722 1032
723 1032
723 1032
724 1032
1231 151
1231 152
1231 152
1232 152
1232 152
1233 152
1233 152
1233 153
1233 153
1234 153
1234 153
1235 153
1235 153
1236 153
1236 153
1237 153
1237 153
1238 153
1238 153
1239 153
1239 153
1240 153
1240 153
1240 154
1240 154
1241 154
1241 154
1242 154
1242 154
1243 154
1243 154
1244 154
1244 154
1245 154
1245 154
1246 154
1246 154
1247 154
1247 154
1247 155
1247 155
1248 155
1248 155
1249 155
1249 155
1249 156
1249 156
1250 156
1250 156
1251 156
1251 156
1251 157
1251 157
1252 157
1252 157
1253 157
1253 157
1253 158
1253 158
1254 158
1254 158
1255 158
1255 158
1256 158
1256 158
1256 159
1256 159
1256 160
1256 160
1256 161
1256 161
1256 162
1256 162
1256 163
1256 163
1256 164
1256 164
1256 165
1256 165
1256 166
1256 166
1256 167
1256 167
1256 168
1256 168
1256 169
1256 169
1256 170
1256 170
1256 171
1256 171
1256 172
1256 172
1257 172
1257 172
1257 173
1257 173
1258 173
1258 173
1258 174
1258 174
1259 174
1259 174
1260 174
1260 173
1260 173
1260 173
1261 173
1261 172
1261 172
1261 172
1262 172
1262 172
1263 172
1263 171
1263 171
1263 171
1264 171
1264 171
1265 171
1265 170
1265 170
1265 169
1265 169
1265 169
1266 169
1266 168
1266 168
1266 167
1266 167
1266 167
1267 167
1267 166
1267 166
1267 166
1268 166
1268 166
1269 166
1269 165
1269 165
1269 165
1270 165
1270 164
1270 164
1270 164
1271 164
1271 163
1271 163
1271 162
1271 162
1271 162
1272 162
1272 161
1272 161
1272 161
1273 161
1273 160
1273 160
1272 160
1272 160
1272 159
1272 159
1272 158
1272 158
1272 157
1272 157
1272 156
1272 156
1272 155
1272 155
1272 154
1272 154
1272 154
1273 154
1273 154
1274 154
1274 153
1274 153
1274 153
1275 153
1275 152
1275 152
1275 152
1276 152
1276 151
1276 151
1276 151
1277 151
1277 150
1277 150
1277 150
1278 150
1278 150
1279 150
1279 150
1280 150
1280 150
1281 150
1281 149
1281 149
1280 149
1280 149
1280 148
1280 148
1279 148
1279 148
1278 148
1278 148
1277 148
1277 148
1277 147
1277 147
1276 147
1276 147
1276 146
1276 146
1275 146
1275 146
1275 145
1275 145
1275 145
1276 145
1276 144
1276 144
1276 143
1276 143
1276 142
1276 142
1276 141
1276 141
1276 140
1276 140
1276 140
1277 140
1277 140
1278 140
1278 140
1279 140
1279 140
1280 140
1280 140
1281 140
1281 140
1282 140
1282 139
1282 139
1282 138
1282 138
1282 138
1283 138
1283 137
1283 137
1283 137
1284 137
1284 136
1284 136
1284 136
1285 136
1285 135
1285 135
1285 135
1286 135
1286 135
1287 135
1287 135
1288 135
1288 134
1288 134
1288 134
1289 134
1289 134
1290 134
1290 133
1290 133
1290 133
1291 133
1291 132
1291 132
1291 132
1292 132
1292 131
1292 131
1292 131
1293 131
1293 130
1293 130
1293 130
1294 130
1294 129
1294 129
1294 128
1294 128
1294 127
1294 127
1294 127
1295 127
1295 126
1295 126
1295 125
1295 125
1295 125
1296 125
1296 124
1296 124
1296 124
1297 124
1297 124
1298 124
1298 123
1298 123
1298 123
1299 123
1299 123
1300 123
1300 123
1300 124
1300 124
1301 124
1301 124
1301 125
1301 125
1302 125
1302 125
1303 125
1303 125
1304 125
1304 125
1305 125
1305 125
1305 126
1305 126
1306 126
1306 126
1307 126
1307 126
1308 126
1308 125
1308 125
1308 125
1309 125
1309 124
1309 124
1309 124
1310 124
1310 123
1310 123
1310 123
1311 123
1311 122
1311 122
1311 121
1311 121
1311 120
1311 120
1311 119
1311 119
1311 119
1312 119
1312 118
1312 118
1312 117
1312 117
1312 117
1313 117
1313 116
1313 116
1313 115
1313 115
1313 115
1314 115
1314 114
1314 114
1313 114
1313 114
1313 113
1313 113
1313 112
1313 112
1313 111
1313 111
1312 111
1312 111
1312 110
1312 110
1311 110
1311 110
1311 109
1311 109
1311 108
1311 108
1311 107
1311 107
1311 106
1311 106
1311 105
1311 105
1311 104
1311 104
1311 103
1311 103
1311 102
1311 102
1311 102
1312 102
1312 101
1312 101
1312 101
1313 101
1313 101
1314 101
1314 101
1315 101
1315 101
1315 102
1315 102
1316 102
1316 102
1316 103
1316 103
1317 103
1317 103
1318 103
1318 103
1319 103
1319 103
1320 103
1320 103
1321 103
1321 103
1322 103
1322 103
1323 103
1323 103
1324 103
1324 103
1325 103
1325 103
1326 103
1326 102
1326 102
1326 101
1326 101
1326 101
1327 101
1327 100
1327 100
1327 100
1328 100
1328 99
1328 99
1328 99
1329 99
1329 99
1330 99
1330 98
1330 98
1330 97
1330 97
1330 96
1330 96
1330 95
1330 95
1330 94
1330 94
1330 93
1330 93
1329 93
1329 93
1329 92
1329 92
1329 91
1329 91
1328 91
1328 91
1328 90
1328 90
1328 89
1328 89
1328 88
1328 88
1328 87
1328 87
1328 86
1328 86
1328 85
1328 85
1328 84
1328 84
1328 83
1328 83
1328 83
1329 83
1329 82
1329 82
1329 82
1330 82
1330 82
1331 82
1331 82
1332 82
1332 82
1333 82
1333 82
1334 82
1334 82
1334 83
1334 83
1335 83
1335 83
1335 84
1335 84
1335 85
1335 85
1336 85
1336 85
1336 86
1336 86
1337 86
1337 86
1337 87
1337 87
1338 87
1338 87
1338 88
1338 88
1339 88
1339 88
1340 88
1340 88
1341 88
1341 88
1342 88
1342 88
1343 88
1343 88
1344 88
1344 88
1345 88
1345 88
1346 88
1346 88
1347 88
1347 87
1347 87
1347 86
1347 86
1347 86
1348 86
1348 85
1348 85
1348 85
1349 85
1349 84
1349 84
1349 84
1350 84
1350 83
1350 83
1350 83
1351 83
1351 83
1352 83
1352 82
1352 82
1352 82
1353 82
1353 82
1354 82
1354 81
1354 81
1354 81
1355 81
1355 80
1355 80
1355 80
1356 80
1356 79
1356 79
1356 79
1357 79
1357 79
1358 79
1358 79
1359 79
1359 79
1360 79
1360 78
1360 78
1360 78
1361 78
1361 77
1361 77
1361 76
1361 76
1361 75
1361 75
1361 74
1361 74
1361 73
1361 73
1361 72
1361 72
1360 72
1360 72
1360 71
1360 71
1360 70
1360 70
1360 69
1360 69
1360 68
1360 68
1360 68
1361 68
1361 67
1361 67
1361 67
1362 67
1362 66
1362 66
1362 66
1363 66
1363 66
1364 66
1364 65
1364 65
1364 65
1365 65
1365 64
1365 64
1365 63
1365 63
1365 62
1365 62
1365 61
1365 61
1365 60
1365 60
1365 59
1365 59
1365 58
1365 58
1365 57
1365 57
1365 57
1366 57
1366 57
1366 58
1366 58
1367 58
1367 58
1368 58
1368 58
1368 59
1368 59
1369 59
1369 59
1370 59
1370 59
1371 59
1371 59
1372 59
1372 58
1372 58
1372 58
1373 58
1373 58
1374 58
1374 58
1375 58
1375 58
1375 59
1375 59
1376 59
1376 59
1377 59
1377 59
1378 59
1378 59
1379 59
1379 59
1380 59
1380 59
1381 59
1381 59
1382 59
1382 59
1383 59
1383 58
1383 58
1383 57
1383 57
1383 56
1383 56
1382 56
1382 56
1382 55
1382 55
1382 54
1382 54
1381 54
1381 54
1381 53
1381 53
1380 53
1380 53
1380 52
1380 52
1380 51
1380 51
1380 50
1380 50
1380 49
1380 49
1380 48
1380 48
1380 47
1380 47
1380 46
1380 46
1380 45
1380 45
1380 44
1380 44
1380 43
1380 43
1380 42
1380 42
1380 41
1380 41
1380 40
1380 40
1380 39
1380 39
1380 38
1380 38
1380 37
1380 37
1380 36
1380 36
1379 36
1379 36
1378 36
1378 36
1377 36
1377 36
1376 36
1376 36
1375 36
1375 36
1374 36
1374 36
1373 36
1373 36
1372 36
1372 36
1371 36
1371 36
1370 36
1370 36
1369 36
1369 36
1368 36
1368 36
1367 36
1367 36
1366 36
1366 36
1365 36
1365 36
1364 36
1364 36
1363 36
1363 36
1362 36
1362 36
1361 36
1361 36
1360 36
1360 36
1359 36
1359 36
1358 36
1358 36
1357 36
1357 36
1356 36
1356 36
1355 36
1355 36
1354 36
1354 36
1353 36
1353 36
1352 36
1352 36
1351 36
1351 36
1350 36
1350 36
1349 36
1349 36
1348 36
1348 36
1347 36
1347 36
1346 36
1346 36
1345 36
1345 36
1344 36
1344 36
1343 36
1343 36
1342 36
1342 36
1341 36
1341 36
1340 36
1340 36
1339 36
1339 36
1338 36
1338 36
1337 36
1337 36
1336 36
1336 36
1335 36
1335 36
1334 36
1334 36
1333 36
1333 36
1332 36
1332 36
1331 36
1331 36
1330 36
1330 36
1329 36
1329 36
1328 36
1328 36
1327 36
1327 36
1326 36
1326 36
1325 36
1325 36
1324 36
1324 36
1323 36
1323 36
1322 36
1322 36
1321 36
1321 36
1320 36
1320 36
1319 36
1319 36
1318 36
1318 36
1317 36
1317 36
1316 36
1316 36
1315 36
1315 36
1314 36
1314 36
1313 36
1313 36
1312 36
1312 36
1311 36
1311 36
1310 36
1310 36
1309 36
1309 36
1308 36
1308 36
1307 36
1307 36
1306 36
1306 36
1305 36
1305 36
1304 36
1304 36
1303 36
1303 36
1302 36
1302 36
1301 36
1301 36
1300 36
1300 36
1299 36
1299 36
1298 36
1298 36
1297 36
1297 36
1296 36
1296 36
1295 36
1295 36
1294 36
1294 36
1293 36
1293 36
1292 36
1292 36
1291 36
1291 36
1290 36
1290 36
1289 36
1289 36
1288 36
1288 36
1287 36
1287 36
1286 36
1286 36
1285 36
1285 36
1284 36
1284 36
1283 36
1283 36
1282 36
1282 36
1281 36
1281 36
1280 36
1280 36
1279 36
1279 36
1278 36
1278 36
1277 36
1277 36
1276 36
1276 36
1275 36
1275 36
1274 36
1274 36
1273 36
1273 36
1272 36
1272 36
1271 36
1271 36
1270 36
1270 36
1269 36
1269 36
1268 36
1268 36
1267 36
1267 36
1266 36
1266 36
1265 36
1265 36
1264 36
1264 36
1263 36
1263 36
1262 36
1262 36
1261 36
1261 36
1260 36
1260 36
1259 36
1259 36
1258 36
1258 36
1257 36
1257 36
1256 36
1256 36
1255 36
1255 36
1254 36
1254 36
1253 36
1253 36
1252 36
1252 36
1251 36
1251 36
1250 36
1250 36
1249 36
1249 36
1248 36
1248 36
1247 36
1247 36
1246 36
1246 36
1245 36
1245 36
1244 36
1244 36
1243 36
1243 36
1242 36
1242 36
1241 36
1241 36
1240 36
1240 36
1239 36
1239 36
1238 36
1238 36
1237 36
1237 36
1236 36
1236 36
1235 36
1235 36
1234 36
1234 36
1233 36
1233 36
1232 36
1232 36
1231 36
1231 36
1230 36
1230 36
1229 36
1229 36
1228 36
1228 36
1227 36
1227 36
1226 36
1226 36
1225 36
1225 36
1224 36
1224 36
1223 36
1223 36
1222 36
1222 36
1221 36
1221 36
1220 36
1220 36
1219 36
1219 36
1218 36
1218 36
1217 36
1217 36
1216 36
1216 36
1215 36
1215 36
1214 36
1214 36
1213 36
1213 36
1212 36
1212 36
1211 36
1211 36
1210 36
1210 36
1209 36
1209 36
1208 36
1208 36
1207 36
1207 36
1206 36
1206 36
1205 36
1205 36
1204 36
1204 36
1203 36
1203 36
1202 36
1202 36
1201 36
1201 36
1200 36
1200 36
1199 36
1199 36
1198 36
1198 36
1197 36
1197 36
1196 36
1196 36
1195 36
1195 36
1194 36
1194 36
1193 36
1193 36
1192 36
1192 36
1191 36
1191 36
1190 36
1190 36
1189 36
1189 36
1188 36
1188 36
1187 36
1187 36
1186 36
1186 36
1185 36
1185 36
1184 36
1184 36
1183 36
1183 36
1182 36
1182 36
1181 36
1181 36
1180 36
1180 36
1179 36
1179 36
1178 36
1178 36
1177 36
1177 36
1176 36
1176 36
1175 36
1175 36
1174 36
1174 36
1173 36
1173 36
1172 36
1172 36
1171 36
1171 36
1170 36
1170 36
1169 36
1169 36
1168 36
1168 36
1167 36
1167 36
1166 36
1166 36
1165 36
1165 36
1164 36
1164 36
1163 36
1163 36
1162 36
1162 36
1161 36
1161 36
1160 36
1160 36
1159 36
1159 36
1158 36
1158 36
1157 36
1157 36
1156 36
1156 36
1155 36
1155 36
1154 36
1154 36
1153 36
1153 36
1152 36
1152 36
1151 36
1151 36
1150 36
1150 36
1149 36
1149 36
1148 36
1148 36
1147 36
1147 36
1146 36
1146 36
1145 36
1145 36
1144 36
1144 36
1143 36
1143 36
1142 36
1142 36
1141 36
1141 36
1140 36
1140 36
1139 36
1139 36
1138 36
1138 36
1137 36
1137 36
1136 36
1136 36
1135 36
1135 36
1134 36
1134 36
1133 36
1133 36
1132 36
1132 36
1131 36
1131 36
1130 36
1130 36
1129 36
1129 36
1128 36
1128 36
1127 36
1127 36
1126 36
1126 36
1125 36
1125 36
1124 36
1124 36
1123 36
1123 36
1122 36
1122 36
1121 36
1121 36
1120 36
1120 36
1119 36
1119 36
1118 36
1118 36
1117 36
1117 36
1116 36
1116 36
1115 36
1115 36
1114 36
1114 36
1113 36
1113 36
1112 36
1112 36
1111 36
1111 36
1110 36
1110 36
1109 36
1109 36
1108 36
1108 36
1107 36
1107 36
1106 36
1106 36
1105 36
1105 36
1104 36
1104 36
1103 36
1103 36
1102 36
1102 36
1101 36
1101 36
1100 36
1100 36
1099 36
1099 36
1098 36
1098 36
1097 36
1097 36
1096 36
1096 36
1095 36
1095 36
1094 36
1094 36
1093 36
1093 36
1092 36
1092 36
1091 36
1091 36
1090 36
1090 36
1089 36
1089 36
1088 36
1088 36
1087 36
1087 36
1086 36
1086 36
1085 36
1085 36
1084 36
1084 36
1083 36
1083 36
1082 36
1082 36
1081 36
1081 36
1080 36
1080 36
1079 36
1079 36
1078 36
1078 36
1077 36
1077 36
1076 36
1076 36
1075 36
1075 36
1074 36
1074 36
1073 36
1073 36
1072 36
1072 36
1071 36
1071 36
1070 36
1070 36
1069 36
1069 36
1068 36
1068 36
1067 36
1067 36
1066 36
1066 36
1065 36
1065 36
1064 36
1064 36
1063 36
1063 36
1062 36
1062 36
1061 36
1061 36
1060 36
1060 36
1059 36
1059 36
1058 36
1058 36
1057 36
1057 36
1056 36
1056 36
1055 36
1055 36
1054 36
1054 36
1053 36
1053 36
1052 36
1052 36
1051 36
1051 36
1050 36
1050 36
1049 36
1049 36
1048 36
1048 36
1047 36
1047 36
1046 36
1046 36
1046 35
1046 35
1046 34
1046 34
1046 33
1046 33
1046 32
1046 32
1046 31
1046 31
1046 30
1046 30
1046 29
1046 29
1046 28
1046 28
1046 27
1046 27
1046 26
1046 26
1046 25
1046 25
1046 24
1046 24
1046 23
1046 23
1046 22
1046 22
1046 21
1046 21
1046 20
1046 20
1046 19
1046 19
1046 18
1046 18
1046 17
1046 17
1046 16
1046 16
1046 15
1046 15
1046 14
1046 14
1045 14
1045 14
1044 14
1044 14
1043 14
1043 14
1042 14
1042 14
1041 14
1041 14
1040 14
1040 14
1039 14
1039 14
1038 14
1038 14
1037 14
1037 14
1036 14
1036 14
1035 14
1035 14
1034 14
1034 14
1033 14
1033 14
1032 14
1032 14
1031 14
1031 14
1030 14
1030 14
1029 14
1029 14
1028 14
1028 14
1027 14
1027 14
1026 14
1026 14
1025 14
1025 14
1024 14
1024 14
1023 14
1023 14
1022 14
1022 14
1021 14
1021 14
1020 14
1020 14
1019 14
1019 14
1018 14
1018 14
1017 14
1017 14
1016 14
1016 14
1015 14
1015 14
1014 14
1014 14
1013 14
1013 14
1012 14
1012 14
1011 14
1011 14
1010 14
1010 14
1009 14
1009 14
1008 14
1008 14
1007 14
1007 14
1006 14
1006 14
1005 14
1005 14
1004 14
1004 14
1003 14
1003 14
1002 14
1002 14
1001 14
1001 14
1000 14
1000 14
999 14
999 14
998 14
998 14
997 14
997 14
996 14
996 14
995 14
995 14
994 14
994 14
993 14
993 14
992 14
992 14
991 14
991 14
990 14
990 14
989 14
989 14
988 14
988 14
987 14
987 14
986 14
986 14
985 14
985 14
984 14
984 14
983 14
983 14
982 14
982 14
981 14
981 14
980 14
980 14
979 14
979 14
978 14
978 14
977 14
977 14
976 14
976 14
975 14
975 14
974 14
974 14
973 14
973 14
972 14
972 14
971 14
971 14
970 14
970 14
969 14
969 14
968 14
968 14
967 14
967 14
966 14
966 14
965 14
965 14
964 14
964 14
963 14
963 14
962 14
962 14
961 14
961 14
960 14
960 14
959 14
959 14
958 14
958 14
957 14
957 14
956 14
956 14
955 14
955 14
954 14
954 14
953 14
953 14
952 14
952 14
951 14
951 14
950 14
950 14
949 14
949 14
948 14
948 14
947 14
947 14
946 14
946 14
945 14
945 14
944 14
944 14
943 14
943 14
942 14
942 14
941 14
941 14
940 14
940 14
939 14
939 14
938 14
938 14
937 14
937 14
936 14
936 14
935 14
935 14
934 14
934 14
933 14
933 14
932 14
932 14
931 14
931 14
930 14
930 14
929 14
929 14
928 14
928 14
927 14
927 14
926 14
926 14
925 14
925 14
924 14
924 14
923 14
923 14
922 14
922 14
921 14
921 14
920 14
920 14
919 14
919 14
918 14
918 14
917 14
917 14
916 14
916 14
915 14
915 14
914 14
914 14
913 14
913 14
912 14
912 14
911 14
911 14
910 14
910 14
909 14
909 14
908 14
908 14
907 14
907 14
906 14
906 14
905 14
905 14
904 14
904 14
903 14
903 14
902 14
902 14
901 14
901 14
900 14
900 14
899 14
899 14
898 14
898 14
897 14
897 14
896 14
896 14
895 14
895 14
894 14
894 14
893 14
893 14
892 14
892 14
891 14
891 14
890 14
890 14
889 14
889 14
888 14
888 14
887 14
887 14
886 14
886 14
885 14
885 14
884 14
884 14
883 14
883 14
882 14
882 14
881 14
881 14
880 14
880 14
879 14
879 14
878 14
878 14
877 14
877 14
876 14
876 14
875 14
875 14
874 14
874 14
873 14
873 14
872 14
872 14
871 14
871 14
870 14
870 14
869 14
869 14
868 14
868 14
867 14
867 14
866 14
866 14
865 14
865 14
864 14
864 14
863 14
863 14
862 14
862 14
861 14
861 14
860 14
860 14
859 14
859 14
858 14
858 14
857 14
857 14
856 14
856 14
855 14
855 14
854 14
854 14
853 14
853 14
852 14
852 14
851 14
851 14
850 14
850 14
849 14
849 14
848 14
848 14
847 14
847 14
846 14
846 14
845 14
845 14
844 14
844 14
843 14
843 14
842 14
842 14
841 14
841 14
840 14
840 14
839 14
839 14
838 14
838 14
837 14
837 14
836 14
836 14
835 14
835 14
834 14
834 14
833 14
833 14
832 14
832 14
831 14
831 14
830 14
830 14
829 14
829 14
828 14
828 14
827 14
827 14
826 14
826 14
825 14
825 14
824 14
824 14
823 14
823 14
822 14
822 14
821 14
821 14
820 14
820 14
819 14
819 14
818 14
818 14
817 14
817 14
816 14
816 14
815 14
815 14
814 14
814 14
813 14
813 14
812 14
812 14
811 14
811 14
810 14
810 14
809 14
809 14
808 14
808 14
807 14
807 14
806 14
806 14
805 14
805 14
804 14
804 14
803 14
803 14
802 14
802 14
801 14
801 14
800 14
800 14
799 14
799 14
798 14
798 14
797 14
797 14
796 14
796 14
795 14
795 14
794 14
794 14
793 14
793 14
792 14
792 14
791 14
791 14
790 14
790 14
789 14
789 14
788 14
788 14
787 14
787 14
786 14
786 14
785 14
785 14
784 14
784 14
783 14
783 14
782 14
782 14
781 14
781 14
780 14
780 14
779 14
779 14
778 14
778 14
777 14
777 14
776 14
776 14
775 14
775 14
774 14
774 14
773 14
773 14
772 14
772 14
771 14
771 14
770 14
770 14
769 14
769 14
768 14
768 14
767 14
767 14
766 14
766 14
765 14
765 14
764 14
764 14
763 14
763 14
762 14
762 14
761 14
761 14
760 14
760 14
759 14
759 14
758 14
758 14
757 14
757 14
756 14
756 14
755 14
755 14
754 14
754 14
753 14
753 14
752 14
752 14
751 14
751 14
750 14
750 14
749 14
749 14
748 14
748 14
747 14
747 14
746 14
746 14
745 14
745 14
744 14
744 14
743 14
743 14
742 14
742 14
741 14
741 14
740 14
740 14
739 14
739 14
738 14
738 14
737 14
737 14
736 14
736 14
735 14
735 14
734 14
734 14
733 14
733 14
732 14
732 14
731 14
731 14
730 14
730 14
729 14
729 14
728 14
728 14
727 14
727 14
726 14
726 14
725 14
725 14
724 14
724 14
723 14
723 14
722 14
722 14
721 14
721 14
720 14
720 14
719 14
719 14
718 14
718 14
717 14
717 14
716 14
716 14
715 14
715 14
714 14
714 14
713 14
713 14
712 14
712 14
711 14
711 14
710 14
710 14
709 14
709 14
708 14
708 14
707 14
707 14
706 14
706 14
705 14
705 14
704 14
704 14
703 14
703 14
702 14
702 14
701 14
701 14
700 14
700 14
699 14
699 14
698 14
698 14
697 14
697 14
696 14
696 14
695 14
695 14
694 14
694 14
693 14
693 14
692 14
692 14
691 14
691 14
690 14
690 14
689 14
689 14
688 14
688 14
687 14
687 14
686 14
686 14
685 14
685 14
684 14
684 14
683 14
683 14
682 14
682 14
681 14
681 14
680 14
680 14
679 14
679 14
678 14
678 14
677 14
677 14
676 14
676 14
675 14
675 14
674 14
674 14
673 14
673 14
672 14
672 14
671 14
671 14
670 14
670 14
669 14
669 14
668 14
668 14
667 14
667 14
666 14
666 14
665 14
665 14
664 14
664 14
663 14
663 14
662 14
662 14
661 14
661 14
660 14
660 14
659 14
659 14
658 14
658 14
657 14
657 14
656 14
656 14
655 14
655 14
654 14
654 14
653 14
653 14
652 14
652 14
651 14
651 14
650 14
650 14
649 14
649 14
648 14
648 14
647 14
647 14
646 14
646 14
645 14
645 14
644 14
644 14
643 14
643 14
642 14
642 14
641 14
641 14
640 14
640 14
639 14
639 14
638 14
638 14
637 14
637 14
636 14
636 14
635 14
635 14
634 14
634 14
633 14
633 14
632 14
632 14
631 14
631 14
630 14
630 14
629 14
629 14
628 14
628 14
627 14
627 14
626 14
626 14
625 14
625 14
624 14
624 14
623 14
623 14
622 14
622 14
621 14
621 14
620 14
620 14
619 14
619 14
618 14
618 14
617 14
617 14
616 14
616 14
615 14
615 14
614 14
614 14
613 14
613 14
612 14
612 14
611 14
611 14
610 14
610 14
609 14
609 14
608 14
608 14
607 14
607 14
606 14
606 14
605 14
605 14
604 14
604 14
603 14
603 14
602 14
602 14
601 14
601 14
600 14
600 14
599 14
599 14
598 14
598 14
597 14
597 14
596 14
596 14
595 14
595 14
594 14
594 14
593 14
593 14
593 13
593 13
593 12
593 12
593 11
593 11
593 10
593 10
593 9
593 9
593 8
593 8
593 7
593 7
593 6
593 6
593 5
593 5
593 4
593 4
593 3
593 3
593 2
593 2
593 1
593 1
593 0
593 0
746 966
746 966
746 965
746 965
746 964
747 964
747 964
747 964
747 963
747 963
747 962
747 962
747 961
747 961
747 960
747 960
747 959
747 959
747 958
747 958
747 957
748 957
748 957
748 957
748 956
748 956
748 955
748 955
748 954
748 954
748 953
748 953
748 952
748 952
748 951
749 951
749 951
749 951
749 950
749 950
749 949
749 949
749 948
750 948
750 948
750 948
750 947
750 947
750 946
751 946
751 946
751 946
751 945
752 945
752 945
752 945
752 944
753 944
753 944
753 944
753 943
754 943
754 943
754 943
754 942
754 942
754 941
755 941
755 941
755 941
755 940
755 940
755 939
755 939
755 938
756 938
756 938
756 938
756 937
757 937
757 937
757 937
757 936
758 936
758 936
758 936
758 935
759 935
759 935
759 935
759 934
760 934
760 934
761 934
761 934
762 934
762 934
763 934
763 934
764 934
764 934
764 935
764 935
765 935
765 935
765 935
765 934
765 934
765 933
765 933
765 932
765 932
765 931
766 931
766 931
766 931
766 930
767 930
767 930
767 930
767 929
768 929
768 929
768 929
768 928
769 928
769 928
769 928
769 927
770 927
770 927
770 927
770 926
771 926
771 926
771 926
771 925
772 925
772 925
772 925
772 924
772 924
772 923
772 923
772 922
772 922
772 921
772 921
772 920
772 920
772 919
772 919
772 918
773 918
773 918
773 918
773 917
773 917
1450 712
295 975
1449 719
301 985
294 970
298 972
1448 714
300 984
293 985
297 971
299 987
292 984
298 982
291 987
285 976
1441 705
1452 707
288 982
1440 704
1451 708
286 981
289 973
302 984
288 972
1442 711
1447 704
1437 713
1446 705
1436 712
301 978
294 973
300 983
297 972
1439 705
299 976
296 973
1438 704
298 977
1446 701
297 982
1440 711
296 979
1445 705
1444 704
1443 707
1437 706
1436 711
1445 700
300 974
1450 708
293 971
295 987
1439 718
1449 707
292 974
1438 715
298 984
293 981
290 984
292 980
296 986
1445 714
288 986
1451 712
1444 719
303 981
1443 712
1447 716
1448 703
1443 703
295 976
299 974
1449 708
294 977
1448 709
291 974
290 979
292 979
286 974
289 976
291 980
285 981
1441 718
287 977
288 977
1452 710
290 973
1440 715
1451 705
286 976
303 978
285 975
302 983
1441 703
1442 714
1447 709
1446 716
1449 717
301 983
298 970
1448 716
300 986
292 986
298 980
1441 711
297 979
1440 706
284 979
1451 710
1445 710
288 974
1442 709
1447 706
1437 711
1446 711
1442 703
1436 714
301 976
300 977
295 988
1439 707
299 978
296 975
1438 710
297 980
296 981
1445 719
1440 703
1444 706
1443 709
1437 704
1450 706
295 981
1439 712
299 971
1449 705
294 988
1438 713
1448 704
291 971
293 979
287 972
290 982
292 982
296 988
291 977
1441 715
1452 713
1445 712
1451 714
1444 713
303 983
1443 714
302 978
1444 701
1447 718
1446 715
1450 717
295 978
1449 714
294 983
1448 711
293 988
290 977
289 982
291 982
285 979
1441 716
287 979
288 979
1452 704
290 971
1440 717
1451 707
286 982
302 981
1441 701
1442 712
1447 711
1437 716
1446 706
295 971
1439 702
301 981
294 974
1448 718
300 980
297 975
1439 708
296 970
298 978
1446 702
1441 709
1452 703
287 984
297 977
1440 708
286 985
296 976
1445 708
1444 709
1442 707
1437 709
1446 709
1450 703
1442 701
1436 708
1445 703
301 974
300 979
293 974
1439 717
299 980
294 987
1438 708
297 986
296 983
289 986
1452 716
1445 717
1444 716
1443 711
1436 707
1450 704
295 983
1439 714
299 973
1449 711
292 970
294 978
1448 706
291 973
293 977
287 974
1451 703
290 980
292 976
1447 702
289 979
291 979
1441 713
1452 715
287 980
290 974
1440 712
1451 716
1444 715
303 977
1443 716
302 976
1445 720
1449 703
1442 719
1444 703
1447 712
1446 713
1450 715
295 972
1449 712
301 986
294 981
298 975
1448 713
293 986
299 984
289 980
291 984
285 977
1441 706
1452 706
288 981
1451 709
286 980
289 974
288 971
1442 710
1447 705
1437 714
1446 704
301 979
294 972
304 979
300 982
297 973
1439 710
299 977
296 972
1438 707
298 976
287 986
297 983
1440 710
296 978
1445 706
1444 711
1443 704
1442 705
1437 707
1436 710
1445 701
301 972
300 973
1450 711
293 972
295 984
299 982
292 973
294 985
1438 714
298 987
293 982
297 984
290 987
296 985
289 984
1445 715
288 985
1451 713
1444 718
1443 713
302 975
1447 717
1435 710
1448 702
1450 718
295 977
299 975
1449 709
294 976
1438 717
1448 708
291 975
290 978
292 978
289 977
291 981
285 982
1441 719
287 982
288 976
1452 709
290 972
1440 714
1451 718
286 979
303 979
289 971
1443 718
302 982
1449 701
1442 717
1447 714
1446 719
1450 713
295 974
1449 718
301 984
294 971
298 973
1448 715
300 985
293 984
297 970
299 986
292 985
298 983
291 986
1441 704
288 983
1440 705
1451 711
289 972
302 985
1445 711
288 973
1442 708
1447 707
1437 712
1446 710
1442 702
1436 713
301 977
300 976
1439 704
299 979
296 974
1438 705
297 981
296 980
1445 704
1440 702
1444 705
303 975
1443 706
1437 705
300 975
1450 709
293 970
295 986
1439 713
1449 706
292 975
1438 712
298 985
293 980
287 973
290 985
292 981
296 987
1447 701
1452 712
1445 713
288 987
1451 715
1444 712
303 980
1443 715
302 973
1447 719
1446 714
1450 716
1443 702
295 979
1449 715
294 982
1448 710
290 976
292 988
286 975
289 983
291 983
285 980
1441 717
287 976
288 978
1452 711
290 970
1440 716
1451 704
286 977
302 980
1441 702
1442 715
1447 708
1446 717
1439 703
1449 716
301 982
294 969
298 971
1448 717
300 987
1439 709
292 987
298 981
291 988
1441 710
287 985
297 978
1440 707
286 984
1445 709
288 975
1444 708
1442 706
1437 710
1446 708
1450 702
301 975
300 978
293 975
1439 706
299 981
294 986
1438 711
298 988
297 987
290 988
296 982
289 987
1445 718
1444 707
1443 708
1436 706
1438 703
1450 707
295 980
1439 715
1449 704
294 989
1448 705
291 970
293 978
287 975
297 988
290 983
292 983
1447 703
291 976
1441 714
1452 714
287 981
1451 717
1444 714
303 982
1443 717
302 979
1442 718
1444 702
1447 713
1446 712
1450 714
295 973
1449 713
294 980
298 974
1448 712
293 987
299 985
286 973
289 981
291 985
285 978
1441 707
287 978
288 980
1452 705
1440 718
1451 706
286 983
289 975
1442 713
1447 710
1437 715
1446 707
295 970
301 980
294 975
1448 719
300 981
297 974
1439 711
296 971
1438 706
298 979
1446 703
1441 708
297 976
1440 709
296 977
1445 707
1444 710
1443 705
1442 704
1437 708
1436 709
1445 702
301 973
300 972
1450 710
293 973
295 985
1439 716
299 983
292 972
294 984
1438 709
298 986
293 983
297 985
290 986
296 984
289 985
1452 717
1445 716
288 984
1444 717
1443 710
302 974
1448 701
300 971
1443 701
1450 705
295 982
299 972
1449 710
292 971
294 979
1438 716
1448 707
291 972
293 976
1451 702
290 981
292 977
289 978
291 978
285 983
1441 712
287 983
1452 708
290 975
1440 713
286 978
303 976
1443 719
302 977
1449 702
1442 716
1447 715
1446 718
